-4.94766028195808e-11
1.0842021724855e-11
-3.90312782094782e-09
-1.97866896478605e-08
-5.83842869883444e-08
-1.31557091609391e-07
-2.51773428494584e-07
-4.3159920082303e-07
-6.83914730403856e-07
-1.02101486987305e-06
-1.45560646869214e-06
-1.99996269545366e-06
-2.66540262083836e-06
-3.46406930917809e-06
-4.4057639481121e-06
-5.50063466997486e-06
-6.75796224536285e-06
-8.18373147026819e-06
-9.78453429389958e-06
-1.15641871079042e-05
-1.35230368569772e-05
-1.56607365964234e-05
-1.79727760452053e-05
-2.04510020029858e-05
-2.30836183501282e-05
-2.58546656306535e-05
-2.87450618863261e-05
-3.17280923756158e-05
-3.47746137441263e-05
-3.78502784670331e-05
-4.09443312587854e-05
-4.39794034523544e-05
-4.69152494630976e-05
-4.97032970336875e-05
-5.22949739067968e-05
-5.46417078250983e-05
-5.66914570843124e-05
-5.84046699891871e-05
-5.97341620611758e-05
-6.0659810507957e-05
-6.11531658645248e-05
-6.12086770157561e-05
-6.08388339706778e-05
-6.00561267383171e-05
-5.89084336866108e-05
-5.74457148516672e-05
-5.57415225088675e-05
-5.38763478274973e-05
-5.19390086495264e-05
-5.00266494896096e-05
-4.8226700410936e-05
-4.66224281403527e-05
-4.52776705017754e-05
-4.42451630888741e-05
-4.35373959106755e-05
-4.31363278430297e-05
-4.299477440739e-05
-4.30294688769095e-05
-4.31127356037564e-05
-4.31030211522909e-05
-4.28393431839424e-05
-4.21329637845247e-05
-4.08048594913168e-05
-3.86760068415981e-05
-3.56020768421672e-05
-3.14678838542193e-05
-2.61776711418804e-05
-1.9703683129535e-05
-1.20667364988947e-05
-3.3362201889986e-06
6.37406794012918e-06
1.68948188772333e-05
2.80303558142236e-05
3.95475319159289e-05
5.11993225593699e-05
6.27400909003484e-05
7.39228123158853e-05
8.45212788647132e-05
9.4345364853865e-05
0.000103227149050866
0.000111023690241296
0.000117712783964663
0.000123227816839488
0.000127578503317238
0.000130817578991582
0.000132992228341067
0.000134212085889374
0.000134586786160185
0.000134220412562058
0.0001332281507338
0.000131711308526405
0.000129757316003065
0.000127445276554283
0.000124823762437387
0.000121938570352143
0.000118823006989288
0.000115482623463947
0.000111931297563928
0.000108168335399839
0.00010419304308229
0.000100010971726405
9.5618651885232e-05
9.1027879678407e-05
8.62518390043476e-05
8.13078770978137e-05
7.62216678662497e-05
7.10237424428328e-05
6.5746019739521e-05
6.04245820046145e-05
5.50948175970234e-05
4.97941965438287e-05
4.45539438675979e-05
3.94094479272411e-05
3.43874234642882e-05
2.95118096627078e-05
2.48016884807356e-05
2.02723254849602e-05
1.59303126245902e-05
1.17864051851768e-05
7.83748066446321e-06
4.08215128366862e-06
5.12437314803549e-07
-2.8799879148167e-06
-6.10692052482875e-06
-9.18397302651641e-06
-1.21251966800351e-05
-1.49484591371873e-05
-1.76714545774281e-05
-2.03117037078648e-05
-2.28870741803e-05
-2.54160407997528e-05
-2.79134354519428e-05
-3.0393916550242e-05
-3.28679791716802e-05
-3.53415213760755e-05
-3.78121145505617e-05
-4.02670084775902e-05
-4.26693402832967e-05
-4.49835481364236e-05
-4.71299648613366e-05
-4.90010809706121e-05
-5.04653176885972e-05
-5.13846343946911e-05
-5.16500904546024e-05
-5.12305475819375e-05
-5.02120914291915e-05
-4.88153788225087e-05
-4.72911206722548e-05
-4.58856477120184e-05
-4.47565162015051e-05
-4.39557244769073e-05
-4.34500525836601e-05
-4.31576649417842e-05
-4.29794221046276e-05
-4.28172254596237e-05
-4.2585119458538e-05
-4.22113732856388e-05
-4.16416900961281e-05
-4.08385131267508e-05
-3.97834543086617e-05
-3.84763401695132e-05
-3.69369465569314e-05
-3.52077741960777e-05
-3.33517935491301e-05
-3.14546999558019e-05
-2.96249136333415e-05
-2.79862938379338e-05
-2.66810878946089e-05
-2.58622984139478e-05
-2.56881321769598e-05
-2.63147142964826e-05
-2.78825573740704e-05
-3.05193370575552e-05
-3.43156059123828e-05
-3.93296506473462e-05
-4.55635529306164e-05
-5.29680466154758e-05
-6.1437660514585e-05
-7.07912894970519e-05
-8.0791623391363e-05
-9.11389019808695e-05
-0.00010147577222952
-0.000111401859959059
-0.000120480014853541
-0.000128262678256164
-0.00013429396483744
-0.000138128397608739
-0.00013935658182973
-0.000137602429450823
-0.000132550914688778
-0.000123948074026714
-0.000111620435117032
-9.54847312328866e-05
-7.55714935074536e-05
-5.20333776066195e-05
-2.51923482075256e-05
4.46032100143157e-06
3.61988217179032e-05
6.90655865831502e-05
0.0001018310435974
0.000133014432801559
0.000160903235180143
0.000183626724936659
0.000199271155132408
0.000206028250016033
0.000202363126255989
0.000187229398651567
0.000160228774692683
0.000121727627977464
7.30263072235005e-05
1.61690105748846e-05
-4.61450322397639e-05
-0.000110669806652197
-0.000173981662410228
-0.000232745767103637
-0.000283992274141553
-0.000325317550675663
-0.00035503960882366
-0.000372268882387061
-0.000376861042372667
-0.000369375363629132
-0.000350910966950835
-0.00032300273566932
-0.000287461721093507
-0.000246239140189175
-0.000201312577718937
-0.000154624923975888
-0.000107977515817481
-6.30009933111353e-05
-2.11150541495897e-05
1.65104041549569e-05
4.89552842708463e-05
7.55936979679461e-05
9.60800883298418e-05
0.000110363107541644
0.000118664800208279
0.000121462562230334
0.000119454446334544
0.000113506426480114
0.000104610070605915
9.37999677930179e-05
8.21100132331054e-05
7.0501937621259e-05
5.98292249076593e-05
5.07753561418411e-05
4.38434011318378e-05
3.93303445367366e-05
3.73381880969248e-05
3.7787828421898e-05
4.04384858931905e-05
4.49362769217032e-05
5.08475206384418e-05
5.76989844791598e-05
6.50236808841242e-05
7.23889698184266e-05
7.94215387900365e-05
8.58240561951717e-05
9.13821102122014e-05
9.59655965804274e-05
9.95137999781903e-05
0.000102033312354699
0.000103578604027099
0.000104241615339618
0.000104135103318193
0.000103383968053095
0.00010211553824746
0.000100448815931742
9.84944764637063e-05
9.63484500515754e-05
9.4090533975244e-05
9.17821374457617e-05
8.94692306352418e-05
8.71799160639952e-05
8.49251224899206e-05
8.27025947724991e-05
8.04951591493186e-05
7.82734120574613e-05
7.59892149204688e-05
7.36153325797684e-05
7.10987692331688e-05
6.83893046360406e-05
6.54427033397464e-05
6.22234902492025e-05
5.87096343762639e-05
5.48943702993743e-05
5.07885400402586e-05
4.64198991745324e-05
4.18318157890951e-05
3.70820561756968e-05
3.22371469796412e-05
2.73673445017053e-05
2.2545160183185e-05
1.78364267799935e-05
1.33009922520522e-05
8.98621455025506e-06
4.9288698122929e-06
1.15359111152458e-06
-2.32903973884646e-06
-5.51694107064904e-06
-8.41791913952505e-06
-1.10470660397155e-05
-1.34236372018037e-05
-1.55701840309774e-05
-1.75113396005955e-05
-1.92738186521879e-05
-2.0881213425028e-05
-2.23553814349131e-05
-2.37199149211165e-05
-2.4994242786569e-05
-2.61950183766402e-05
-2.73392419813945e-05
-2.84418322227253e-05
-2.95097279945367e-05
-3.05602765315882e-05
-3.15976411702223e-05
-3.26315363619045e-05
-3.36661254429771e-05
-3.4708347307344e-05
-3.57575080656147e-05
-3.68198527223029e-05
-3.78939934986278e-05
-3.89729915006853e-05
-4.00561528390853e-05
-4.11358447305332e-05
-4.22051282811253e-05
-4.32473501454922e-05
-4.42479386464356e-05
-4.51874648810247e-05
-4.60520510614515e-05
-4.68125538333197e-05
-4.74370542846714e-05
-4.79088990701371e-05
-4.81892303838549e-05
-4.82516804289901e-05
-4.80657180723654e-05
-4.76049755171459e-05
-4.68389216301546e-05
-4.57467397296796e-05
-4.43145520279131e-05
-4.25201540643627e-05
-4.03690969541515e-05
-3.78558295821563e-05
-3.4987290842281e-05
-3.17829096374567e-05
-2.82718293220796e-05
-2.44734787990808e-05
-2.04378181045684e-05
-1.61995417080618e-05
-1.18155485395732e-05
-7.33163529886838e-06
-2.79914980083618e-06
1.72223346694977e-06
6.18810558350447e-06
1.05415676188159e-05
1.47451495458029e-05
1.87558302222612e-05
2.2541690736233e-05
2.60791388484449e-05
2.93459700984045e-05
3.23283066983038e-05
3.50219853118006e-05
3.74311692752372e-05
3.95558585886135e-05
4.14127065972991e-05
4.30169788678825e-05
4.43797776306099e-05
4.5521919567193e-05
4.64642213593436e-05
4.72302752463349e-05
4.78311834584133e-05
4.8290538234852e-05
4.86152784695548e-05
4.88289964017952e-05
4.89400187042577e-05
4.89538964920655e-05
4.88824258848553e-05
4.87311579977501e-05
4.85007867201404e-05
4.81975570565396e-05
4.7823550675119e-05
4.73780736864882e-05
4.68625138694279e-05
4.62740956663765e-05
4.56169824136765e-05
4.48883985537663e-05
4.40897318654265e-05
4.32175129017054e-05
4.22731294413836e-05
4.12558875950708e-05
4.01637056945958e-05
3.89948490164826e-05
3.77489706160361e-05
3.64226010463042e-05
3.50108830815543e-05
3.351138810892e-05
3.19178711238877e-05
3.02233932325535e-05
2.84185869281472e-05
2.64951255379842e-05
2.44394782189516e-05
2.22377671832419e-05
1.98587674082873e-05
1.73059483410398e-05
1.45583198274402e-05
1.15952386581242e-05
8.39467384494696e-06
4.93268620394005e-06
1.18759169165372e-06
-2.86073248423335e-06
-7.21939868997268e-06
-1.19165094458751e-05
-1.69564015606305e-05
-2.23331769744206e-05
-2.80271465757931e-05
-3.4002922005838e-05
-4.02065533644524e-05
-4.65641414315598e-05
-5.29820111394574e-05
-5.93513085900277e-05
-6.55522511272544e-05
-7.14737297125012e-05
-7.69986505111397e-05
-8.20388895705904e-05
-8.65370275437982e-05
-9.04725946937468e-05
-9.38641525616291e-05
-9.67602734047723e-05
-9.92310400516061e-05
-0.000101354862003245
-0.00010320234250516
-0.000104825870206326
-0.000106252853737665
-0.000107481905320395
-0.000108481279514905
-0.000109196679476398
-0.000109549175286716
-0.000109447173546329
-0.000108789366404238
-0.000107473752120057
-0.000105404573957912
-0.000102505157140165
-9.87248477413161e-05
-9.40497679735586e-05
-8.85160000851926e-05
-8.22137496969688e-05
-7.52974071982493e-05
-6.79845069129215e-05
-6.05585026569599e-05
-5.33566246740946e-05
-4.67591243502596e-05
-4.11615186379777e-05
-3.69607122685522e-05
-3.45182216143769e-05
-3.41275618875869e-05
-3.59955121265187e-05
-4.0210196283752e-05
-4.67161032080554e-05
-5.53120049762157e-05
-6.56474874460855e-05
-7.72250319247547e-05
-8.94249951866044e-05
-0.000101525732265628
-0.000112743148150685
-0.000122256371692941
-0.000129274368987353
-0.000133040800598394
-0.000132904798277877
-0.000128318189407395
-0.000118881293698081
-0.000104337372075491
-8.45740144583829e-05
-5.96356297677403e-05
-2.96804247845728e-05
4.98073804422461e-06
4.39120961814865e-05
8.65446603270925e-05
0.000132142907727228
0.000179779802156332
0.000228302099447575
0.000276308143032367
0.000322118720585962
0.000363790941815267
0.000399169586273729
0.000426007840115261
0.000442083869511833
0.000445456171949132
0.000434670355264899
0.000409011713387031
0.000368653718663126
0.000314932802059076
0.000250093001863405
0.000177294290359953
0.000100387753665387
2.35172992191224e-05
-4.92453300360296e-05
-0.000114257214800517
-0.000168592917404453
-0.000210234607500581
-0.000238151165454781
-0.00025226765121289
-0.000253330689758968
-0.00024275026433429
-0.00022238044738998
-0.000194334826009168
-0.000160782498426215
-0.000123831500609128
-8.54052939480709e-05
-4.71914174404731e-05
-1.05943032124856e-05
2.32577845871162e-05
5.3509974229371e-05
7.95599697234195e-05
0.000101044173028697
0.000117794662912729
0.000129832949946618
0.000137340833150645
0.00014063403219744
0.000140145534066605
0.0001363908985752
0.000129951605032375
0.000121434112765328
0.000111451819995168
0.000100596614371895
8.94145868457485e-05
7.83914599900015e-05
6.79400979919365e-05
5.83907922013793e-05
4.99923019647852e-05
4.29087321229815e-05
3.72275127391575e-05
3.29625216011209e-05
3.00703906219724e-05
2.84515466741908e-05
2.79679057690885e-05
2.84525875082764e-05
2.97189356457395e-05
3.15771714332058e-05
3.38354344542324e-05
3.63157420801841e-05
3.88579793342281e-05
4.13252765341099e-05
4.36099073519713e-05
4.56324214526127e-05
4.73442465787066e-05
4.87267344528863e-05
4.97909005692243e-05
5.05730873845422e-05
5.1132448969371e-05
5.15460070460438e-05
5.19023192480095e-05
5.22917646683663e-05
5.27960487828327e-05
5.347376187681e-05
5.43487997661796e-05
5.53909348943726e-05
5.65569292787504e-05
5.77418755171033e-05
5.88236490767224e-05
5.96806458419419e-05
6.02081752509864e-05
6.03302564156083e-05
6.00174424048028e-05
5.92522558795494e-05
5.80532150129542e-05
5.64590041385316e-05
5.45186291944777e-05
5.22866472341121e-05
4.98155336425832e-05
4.7152212689916e-05
4.43377973224912e-05
4.14028186734861e-05
3.83710424545214e-05
3.52568668704478e-05
3.206861859395e-05
2.88083792931992e-05
2.54751081341098e-05
2.20615192780826e-05
1.85601534141711e-05
1.49612960909096e-05
1.12562736909183e-05
7.4343309286462e-06
3.4857533526278e-06
-5.9535709695524e-07
-4.81455153522603e-06
-9.17529940913653e-06
-1.36772537739915e-05
-1.83193737957055e-05
-2.3094026690984e-05
-2.79935796765329e-05
-3.30055427433251e-05
-3.8114650324772e-05
-4.33028612967234e-05
-4.85528284244197e-05
-5.38444289155393e-05
-5.91554583095899e-05
-6.44650999248597e-05
-6.97532309690274e-05
-7.50025042073332e-05
-8.01969601837982e-05
-8.5325496668176e-05
-9.03783992090013e-05
-9.534872891237e-05
-0.000100235097999501
-0.000105031261465882
-0.000109731668196389
-0.00011433354263346
-0.000118820231431727
-0.000123168142351915
-0.000127345356482067
-0.000131301913786075
-0.000134964261988557
-0.00013825468547779
-0.000141087141969365
-0.000143307588018615
-0.000144792511314051
-0.000145419787322965
-0.000145031209264346
-0.000143525469287198
-0.000140774891743689
-0.000136694822128192
-0.00013123946374094
-0.000124394938794126
-0.000116222309554104
-0.000106806230526502
-9.63090718286708e-05
-8.49306736050437e-05
-7.29111215846956e-05
-6.05279715237828e-05
-4.80782080813924e-05
-3.58504892439271e-05
-2.41445752280356e-05
-1.32061028779162e-05
-3.25572901971327e-06
5.54556400800266e-06
1.31089583632615e-05
1.93844940099552e-05
2.44207432054111e-05
2.83051360128184e-05
3.11847769829399e-05
3.32428529148387e-05
3.46847550680707e-05
3.57339158263414e-05
3.65860119977413e-05
3.74297814964564e-05
3.84248188822767e-05
3.967381978498e-05
4.12447853648246e-05
4.31626956398645e-05
4.54025705920458e-05
4.79130624064794e-05
5.0608128798757e-05
5.33822985815391e-05
5.61245494523632e-05
5.87252468875477e-05
6.10705930270683e-05
6.30717700289551e-05
6.46455111663613e-05
6.57404686243979e-05
6.63115395926894e-05
6.63483157303801e-05
6.58521848162508e-05
6.48398001956707e-05
6.33458563381595e-05
6.14168438328733e-05
5.9100641047749e-05
5.64569224703604e-05
5.35432809201097e-05
5.04041253179821e-05
4.71338246210706e-05
4.37750530268843e-05
4.0377076682141e-05
3.69843045078255e-05
3.36387168120567e-05
3.03774366772203e-05
2.72309952364935e-05
2.42229847291497e-05
2.13759565603766e-05
1.87051762967627e-05
1.62215726962067e-05
1.39317377079173e-05
1.18387938341513e-05
9.94378190899425e-06
8.24375290253698e-06
6.73402306139437e-06
5.4077402278363e-06
4.25683793769949e-06
3.27186194803986e-06
2.44162329243736e-06
1.75519321299333e-06
1.20038527728905e-06
7.64969684818873e-07
4.36131165904019e-07
2.01097818952611e-07
4.69025859817229e-08
-3.94215909915729e-08
-7.09312166294329e-08
-6.05513360805998e-08
-2.11217829793227e-08
3.74500371035438e-08
1.05308557013517e-07
1.52937558450805e-07
1.77548947766226e-07
1.67389973410037e-07
1.09417683247237e-07
-9.71445146547012e-09
-2.03049382863085e-07
-4.83640905102334e-07
-8.64499444253042e-07
-1.35837521786364e-06
-1.97819191583015e-06
-2.73557218544163e-06
-3.64291929955129e-06
-4.71064159901502e-06
-5.94940763321006e-06
-7.36806449186389e-06
-8.97389801357562e-06
-1.0772632785816e-05
-1.27689525619701e-05
-1.49626838696904e-05
-1.73517450408056e-05
-1.99323196836687e-05
-2.2694346402119e-05
-2.5624641297739e-05
-2.8705857135769e-05
-3.19147486216309e-05
-3.52221724009283e-05
-3.8594127893532e-05
-4.19948797958369e-05
-4.53984072557034e-05
-4.87339335553116e-05
-5.19466414328207e-05
-5.49851830733417e-05
-5.77919656574721e-05
-6.03087024764193e-05
-6.24784946001711e-05
-6.42465247668866e-05
-6.5568384055581e-05
-6.64079902179537e-05
-6.67361998996086e-05
-6.65446864278607e-05
-6.58376131390526e-05
-6.46441233875805e-05
-6.29996055323545e-05
-6.09734485124136e-05
-5.86433679394815e-05
-5.61092838857746e-05
-5.34711164235091e-05
-5.08523778641745e-05
-4.83488249436448e-05
-4.60784188582863e-05
-4.41202629986037e-05
-4.2531256294609e-05
-4.13530321097255e-05
-4.0568937098584e-05
-4.01387256765418e-05
-3.99694166652864e-05
-3.99319466382053e-05
-3.98764354869741e-05
-3.96058186247217e-05
-3.89216436857964e-05
-3.76199071894234e-05
-3.54993812123894e-05
-3.23824300707543e-05
-2.81275003288783e-05
-2.26360596933262e-05
-1.5867862579455e-05
-7.82290898726501e-06
1.42524880786254e-06
1.17544862732188e-05
2.29899432824254e-05
3.49081874517765e-05
4.7267745273416e-05
5.97868976548455e-05
7.21922521762508e-05
8.42145797541605e-05
9.55929779777875e-05
0.000106112341136111
0.00011557699242104
0.000123813459484978
0.000130812027876459
0.000136485267532294
0.000140838729567605
0.000143914047345817
0.000145818079833049
0.000146595235950286
0.000146402334699758
0.000145382317295883
0.000143664247165276
0.000141375799955767
0.000138629385748601
0.000135515210164527
0.000132116539930394
0.000128490273976212
0.000124680821222967
0.000120707610573589
0.000116584519815888
0.000112316406175594
0.000107901881873929
0.000103334008016986
9.86162540517199e-05
9.37430688630059e-05
8.87220852341386e-05
8.35644053953644e-05
7.8283907134491e-05
7.29021010226205e-05
6.74432731884167e-05
6.19414242120087e-05
5.64222280008408e-05
5.09210729138232e-05
4.54712656416945e-05
4.00970923131183e-05
3.48322065635287e-05
2.96956903511614e-05
2.47107889705944e-05
1.98924210437212e-05
1.52537704689593e-05
1.07986536379556e-05
6.53262166583346e-06
2.45532760789757e-06
-1.44016742975595e-06
-5.15993497929301e-06
-8.71490379861228e-06
-1.21173904243932e-05
-1.53817930614863e-05
-1.852268338709e-05
-2.15574086359638e-05
-2.45015813193916e-05
-2.73709874210049e-05
-3.01805455626969e-05
-3.29427457534948e-05
-3.56660881384308e-05
-3.83553432070638e-05
-4.10072149847895e-05
-4.36086063093644e-05
-4.61326289669106e-05
-4.85282387191477e-05
-5.07406183042347e-05
-5.26757457097737e-05
-5.42202133885228e-05
-5.52534580589015e-05
-5.56729141953927e-05
-5.54313973194498e-05
-5.45734898244055e-05
-5.32674165193425e-05
-5.17196528659891e-05
-5.01678126124672e-05
-4.87938248833197e-05
-4.76887626610356e-05
-4.6855141294655e-05
-4.62347174434719e-05
-4.57383263208211e-05
-4.52696040376122e-05
-4.47394725433536e-05
-4.4072731575362e-05
-4.32124822036251e-05
-4.21201268308025e-05
-4.07790121115248e-05
-3.9191740131006e-05
-3.73869338265997e-05
-3.54112572598098e-05
-3.33382627060175e-05
-3.12617987052732e-05
-2.93001733986387e-05
-2.7583491046812e-05
-2.62630195368985e-05
-2.54934962029552e-05
-2.54365972729431e-05
-2.62442845233579e-05
-2.80556827769729e-05
-3.09897940642401e-05
-3.51295381673111e-05
-4.05182831730855e-05
-4.71463146300977e-05
-5.49525702719933e-05
-6.38093744509405e-05
-7.35266014739722e-05
-8.38468183772534e-05
-9.44605504926699e-05
-0.000104993791438801
-0.000115032289249584
-0.000124138199719681
-0.000131848698625703
-0.000137709288416943
-0.000141275879883551
-0.000142136302727636
-0.000139920020014728
-0.000134309230404028
-0.000125049970378655
-0.000111956277581982
-9.49254563842317e-05
-7.3956119006624e-05
-4.91578999728404e-05
-2.08000283663523e-05
1.06761821605517e-05
4.46059855718772e-05
8.00637334208432e-05
0.000115847609283293
0.000150439383173051
0.000182058534914376
0.000208696948611475
0.000228227159393413
0.000238573050204138
0.000237881936371309
0.00022477714134439
0.00019854673460884
0.000159289248458094
0.000108199560422406
4.72649697158545e-05
-2.06709649397396e-05
-9.21110410168069e-05
-0.000163287439125526
-0.000230430952097294
-0.000290131807467731
-0.000339579753205754
-0.000376740305618739
-0.000400451893867171
-0.000410406431061716
-0.000407064659757594
-0.000391524312970404
-0.000365352192943647
-0.000330434291040405
-0.000288820356519892
-0.000242596220889624
-0.000193783877833198
-0.000144302625404436
-9.58705337339438e-05
-5.00224861532672e-05
-8.05328026487473e-06
2.90031887395514e-05
6.03572747337466e-05
8.55121529141911e-05
0.000104258268684987
0.000116653908754927
0.000123041854482864
0.000123996646284041
0.000120305848616553
0.000112903436599865
0.000102822611536268
9.11347386445271e-05
7.8880652010227e-05
6.70206945496687e-05
5.63778190798558e-05
4.76070571853171e-05
4.11677636424912e-05
3.73139019682611e-05
3.60975138669062e-05
3.73881481330329e-05
4.09020040059715e-05
4.62442584225897e-05
5.29444543762025e-05
6.05085426208518e-05
6.84504536385688e-05
7.63302615558459e-05
8.37781233276047e-05
9.05050340227476e-05
9.63090718286708e-05
0.000101076091940655
0.000104768277386924
0.000107408179572666
0.000109069003828566
0.000109853792729098
0.000109887099419836
0.000109300068995566
0.000108219856687075
0.000106766158414207
0.000105043057585519
0.000103138157736549
0.000101119980444597
9.90390061628155e-05
9.69257660243805e-05
9.47953521235334e-05
9.26442950133222e-05
9.04568087101154e-05
8.82044437489071e-05
8.58494698940948e-05
8.33393250243564e-05
8.0643304534167e-05
7.7712575957678e-05
7.45041181526851e-05
7.09864458880993e-05
6.71394363715994e-05
6.29586660583215e-05
5.84556708593809e-05
5.36580328780456e-05
4.86098140906055e-05
4.33665256482918e-05
3.79949544049296e-05
3.25654433974698e-05
2.71508510119034e-05
2.1822474383093e-05
1.66427635561739e-05
1.16674031547248e-05
6.93993473799281e-06
2.49331805202146e-06
-1.65249758321551e-06
-5.48588952042905e-06
-9.00737817666197e-06
-1.22249432799038e-05
-1.5150380949791e-05
-1.78027731445596e-05
-2.02043243247019e-05
-2.23755042272344e-05
-2.43381703679546e-05
-2.61186905436972e-05
-2.77351058786124e-05
-2.92082330544119e-05
-3.05561131952459e-05
-3.17960935358741e-05
-3.29410110300188e-05
-3.40082129124397e-05
-3.50046380770408e-05
-3.59455520904106e-05
-3.68378938464531e-05
-3.76934594648048e-05
-3.8517800060589e-05
-3.93171606383191e-05
-4.00970923131183e-05
-4.08659217576712e-05
-4.16271184189299e-05
-4.23792945181134e-05
-4.31238378340026e-05
-4.3857972809036e-05
-4.45796177750424e-05
-4.52762827229947e-05
-4.59396409802082e-05
-4.65599780952175e-05
-4.7109538492407e-05
-4.75716688264072e-05
-4.79227768579449e-05
-4.81281681175005e-05
-4.81656381445816e-05
-4.79991046908879e-05
-4.7598036623242e-05
-4.6924963914563e-05
-4.59604576619199e-05
-4.46670478382316e-05
-4.30253055405672e-05
-4.10282918750227e-05
-3.86551901598864e-05
-3.59115515102815e-05
-3.28043148201118e-05
-2.93459700984045e-05
-2.55698240358981e-05
-2.15022444294277e-05
-1.71918035363205e-05
-1.26856858351232e-05
-8.03523914072457e-06
-3.30152571947906e-06
1.45300438347817e-06
6.17700335325821e-06
1.07969189144796e-05
1.5271117703719e-05
1.95454763485259e-05
2.35686470340113e-05
2.73087108482173e-05
3.07434633306514e-05
3.38395977905748e-05
3.65957264492067e-05
3.90090737489857e-05
4.10727007960077e-05
4.28143631658884e-05
4.42354486374086e-05
4.53734272376494e-05
4.62352378605146e-05
4.68625138694279e-05
4.72802352824431e-05
4.75133821176144e-05
4.75910977293381e-05
4.75397499144492e-05
4.73815431334401e-05
4.71372940680226e-05
4.68194927272236e-05
4.64517313503165e-05
4.60381732736437e-05
4.55871451698897e-05
4.51111370480817e-05
4.46045977930964e-05
4.40765479670091e-05
4.35249059016485e-05
4.29462021500626e-05
4.23404367122515e-05
4.17027523624824e-05
4.10317613219746e-05
4.03246880331665e-05
3.95745936021541e-05
3.87787024713759e-05
3.79328513044896e-05
3.70304481522865e-05
3.60680235678146e-05
3.50393325465603e-05
3.39374361946199e-05
3.27564364521749e-05
3.14873127571502e-05
3.01206976027757e-05
2.86468765375858e-05
2.70544003866391e-05
2.53276566386518e-05
2.34534613952064e-05
2.14132531151101e-05
1.91876028954319e-05
1.67558675268076e-05
1.40948017146592e-05
1.11797723856277e-05
7.98597299400683e-06
4.48859699408999e-06
6.63011312518336e-07
-3.51038642598667e-06
-8.0482495667944e-06
-1.29587313102419e-05
-1.82387091540726e-05
-2.38729175316976e-05
-2.98278762800308e-05
-3.60507630692286e-05
-4.24687195133e-05
-4.89884174892374e-05
-5.54999622648378e-05
-6.18824436138254e-05
-6.80140839481869e-05
-7.37994734767433e-05
-7.91351359441528e-05
-8.39620040160582e-05
-8.82570058702292e-05
-9.20334988774307e-05
-9.53350245969098e-05
-9.82250739078872e-05
-0.000100773209221749
-0.000103044135724151
-0.000105084170531899
-0.000106916385467226
-0.000108539045806655
-0.000109919018331794
-0.000111002179670194
-0.000111712028516564
-0.000111956971471372
-0.000111636394573011
-0.000110644479689448
-0.000108883388416636
-0.000106266731525473
-0.00010273587536247
-9.82623704626207e-05
-9.28673804523328e-05
-8.66234167729019e-05
-7.96696042471012e-05
-7.22061299640586e-05
-6.45081210670639e-05
-5.69010116802104e-05
-4.97671348576034e-05
-4.35117220032311e-05
-3.8549718972547e-05
-3.52676221559989e-05
-3.39971106821935e-05
-3.49824336165483e-05
-3.83540421644568e-05
-4.40980585381112e-05
-5.20521126201601e-05
-6.18949336228525e-05
-7.31491256455996e-05
-8.52068415824192e-05
-9.73443547991337e-05
-0.000108760223049842
-0.000118624554623636
-0.000126110233367172
-0.000130430388711744
-0.000130892519045744
-0.000126919308396367
-0.000118072218668885
-0.000104072306328362
-8.47905079481848e-05
-6.02448646525033e-05
-3.06227265767234e-05
3.76920716860241e-06
4.24799084797201e-05
8.49029180294281e-05
0.000130281896382201
0.000177663439515641
0.000225883201032673
0.000273536748807146
0.000318964299417246
0.000360268759269644
0.000395355970184141
0.000422058221705157
0.000438271641201027
0.000442132441769161
0.000432283375761955
0.000408065248258538
0.000369659858279192
0.000318355064532483
0.000256314414137648
0.000186547999270203
0.000112737597035562
3.88453158528534e-05
-3.12402881341711e-05
-9.4015073504039e-05
-0.00014665491043786
-0.00018719886751839
-0.000214625539562974
-0.000228816965375245
-0.000230462871009252
-0.000220885809643079
-0.000201848260328319
-0.00017537082896979
-0.000143550449305252
-0.000108421605027331
-7.18591852688633e-05
-3.54979934336086e-05
-7.16093850883226e-07
3.13860049061532e-05
5.99784111265933e-05
8.44810332800705e-05
0.000104544151113828
0.000120022741745274
0.000130945254639414
0.000137512223830072
0.000140038675100485
0.000138962452655988
0.000134788014083398
0.000128080879235881
0.000119437099099784
0.000109442316320596
9.86627446408761e-05
8.76215766609789e-05
7.67767793785623e-05
6.65183186310259e-05
5.71549751970934e-05
4.89150386862036e-05
4.19490830960711e-05
3.63323954255534e-05
3.20750370708112e-05
2.91263541063458e-05
2.73940592432353e-05
2.67414562715729e-05
2.70113792444349e-05
2.80286210907477e-05
2.96127705690097e-05
3.15861919952809e-05
3.37830458052579e-05
3.60532784182688e-05
3.82693876588291e-05
4.03293717865516e-05
4.2157423385536e-05
4.37064447134095e-05
4.49560527693293e-05
4.59126660301568e-05
4.66078564631545e-05
4.70960076492943e-05
4.74496310298722e-05
4.77560265638166e-05
4.81068743868329e-05
4.85884336237641e-05
4.92656696687854e-05
5.01676391401196e-05
5.12675839281496e-05
5.2511770973207e-05
5.37868794642238e-05
5.49604198957221e-05
5.59019844303954e-05
5.65027191701262e-05
5.66878575330998e-05
5.64340674885644e-05
5.57306804871427e-05
5.46044980065385e-05
5.31003192805191e-05
5.12718340006657e-05
4.91744665820359e-05
4.68600852565615e-05
4.43733591537487e-05
4.17506307304194e-05
3.90180943110607e-05
3.61943114368657e-05
3.32888230869521e-05
3.03054456529672e-05
2.72427913561302e-05
2.40946151919275e-05
2.08524170153268e-05
1.75057884854724e-05
1.40429334827274e-05
1.04527497768458e-05
6.7241351375813e-06
2.84806900285872e-06
-1.18377530000657e-06
-5.37590805205213e-06
-9.73214564492508e-06
-1.42511002998447e-05
-1.89244453441262e-05
-2.37497521649033e-05
-2.87124490849777e-05
-3.37965766483705e-05
-3.89833998415412e-05
-4.42548775403395e-05
-4.95783969434171e-05
-5.49366108160143e-05
-6.02996819143442e-05
-6.56460996673047e-05
-7.09474146098898e-05
-7.61890550649014e-05
-8.1350898240018e-05
-8.64232296837741e-05
-9.14004982810468e-05
-9.62840918106167e-05
-0.000101078867498217
-0.000105793152016531
-0.000110433884259464
-0.000115014942014824
-0.000119540488618952
-0.000124004972956726
-0.000128388966125215
-0.000132663324770022
-0.000136771149961135
-0.000140629174971707
-0.00014416939864148
-0.000147203083056269
-0.000149609491462144
-0.00015123596819322
-0.000151899326450433
-0.000151412216098379
-0.000149689982631429
-0.000146552214808082
-0.000141904543671245
-0.00013569700918481
-0.000127946264694145
-0.000118706433571703
-0.000108120457031902
-9.63826241040522e-05
-8.37427349686948e-05
-7.04949987273551e-05
-5.69738700662015e-05
-4.35096403350599e-05
-3.04548053442488e-05
-1.81174519831018e-05
-6.78068712289814e-06
3.33760796777938e-06
1.2083389844264e-05
1.93817184523937e-05
2.52270426770451e-05
2.96984659087229e-05
3.29389293618476e-05
3.51330076142631e-05
3.65193986162637e-05
3.73423514332671e-05
3.78461151306908e-05
3.82735509951715e-05
3.88120091621147e-05
3.96224719700911e-05
4.08048594913168e-05
4.24188462133657e-05
4.44630443574567e-05
4.68874938874819e-05
4.96158669704982e-05
5.25399168616048e-05
5.55333556917503e-05
5.84685078131031e-05
6.12079831263657e-05
6.36463104441987e-05
6.56787124686531e-05
6.72323308137379e-05
6.82461032130988e-05
6.86950496486816e-05
6.85639045538977e-05
6.78693212741166e-05
6.66362798273923e-05
6.4907801355929e-05
6.2735927564006e-05
6.01810268285874e-05
5.73034675266371e-05
5.41719447078037e-05
5.08287856249012e-05
4.73718286819746e-05
4.38496461363513e-05
4.03076877431019e-05
3.67924440913825e-05
3.3344507710531e-05
2.99992669594573e-05
2.67865590819483e-05
2.37292824278867e-05
2.08472128448989e-05
1.81537077037497e-05
1.56572671494715e-05
1.33658709100537e-05
1.12781312067156e-05
9.3945684565e-06
7.7115397401073e-06
6.2229735253716e-06
4.92071661195581e-06
3.79644232717524e-06
2.83922191313124e-06
2.03834345235965e-06
1.38162051244173e-06
8.57040133306342e-07
4.51873781448509e-07
1.53241135059101e-07
-5.17272856492834e-08
-1.75917223496636e-07
-2.32306578487607e-07
-2.3383259304538e-07
-1.94593452950646e-07
-1.58985034881022e-07
-1.0587234214321e-07
-1.2045486136314e-08
7.61543605953818e-08
1.38973034469192e-07
1.62998954611471e-07
1.36024004560031e-07
4.57533316788883e-08
-1.2038980923279e-07
-3.75177319766884e-07
-7.31619625993218e-07
-1.20233684119952e-06
-1.80020928719493e-06
-2.53764023683267e-06
-3.42659928209699e-06
-4.47853559792932e-06
-5.70359731666414e-06
-7.11167236211452e-06
-8.70987310053195e-06
-1.05039241193872e-05
-1.24997234784985e-05
-1.46965772884755e-05
-1.70936181875803e-05
-1.96873767288608e-05
-2.24657098479852e-05
-2.5418556148793e-05
-2.85268336730482e-05
-3.17683379602585e-05
-3.51149664901129e-05
-3.85316778483968e-05
-4.19816958974195e-05
-4.54192239374152e-05
-4.87956897110564e-05
-5.20847254215084e-05
-5.51982071161916e-05
-5.80827053120458e-05
-6.06778516321071e-05
-6.29274410357539e-05
-6.47787379293163e-05
-6.61845578342479e-05
-6.71011857189541e-05
-6.75050293441615e-05
-6.73738842493776e-05
-6.67160771072872e-05
-6.554895515265e-05
-6.3904437297424e-05
-6.18435858079636e-05
-5.94385651808693e-05
-5.67768054793305e-05
-5.39623901119057e-05
-5.10994024871536e-05
-4.82974771287559e-05
-4.5655146330148e-05
-4.32584523757384e-05
-4.11767842045663e-05
-3.94476118437126e-05
-3.80709352931774e-05
-3.70217745349066e-05
-3.62251895147381e-05
-3.55770968241131e-05
-3.49414941425152e-05
-3.41504602374698e-05
-3.30235838674753e-05
-3.138045379103e-05
-2.90406587666325e-05
-2.5837665340589e-05
-2.16410223075059e-05
-1.63480340376054e-05
-9.91429160990265e-06
-2.34257058195908e-06
6.32272012524027e-06
1.59719459880137e-05
2.64649413495022e-05
3.76074171803964e-05
4.91814922121137e-05
6.09470807155787e-05
7.26627091829357e-05
8.40730263185208e-05
9.49545997386281e-05
0.000105095099289798
0.000114314113730529
0.000122440946270785
0.000129447841334951
0.000135258471090083
0.000139824263278854
0.000143177136813222
0.000145385092853445
0.000146486989205385
0.00014660217484419
0.000145833345399637
0.000144297074289312
0.000142107159373239
0.000139359357387292
0.000136154976182468
0.000132573119149271
0.00012868317522674
0.000124536492229765
0.000120178866858112
0.000115635973019224
0.000110936260178107
0.000106091524454399
0.000101117725304078
9.60259649573914e-05
9.08231823082417e-05
8.55253368126085e-05
8.01428368113477e-05
7.46944173179998e-05
6.91953438991533e-05
6.36685149046912e-05
5.81354409057155e-05
5.26190202521093e-05
4.71414574043649e-05
4.17263446017557e-05
3.6392069913127e-05
3.11594500201906e-05
2.60458321577062e-05
2.10619716112248e-05
1.62182767216024e-05
1.15234211062187e-05
6.97913948854989e-06
2.58577881329103e-06
-1.65839564303383e-06
-5.75858805085261e-06
-9.72243119345961e-06
-1.35605068840583e-05
-1.72833969358521e-05
-2.09028974684777e-05
-2.44314984909622e-05
-2.788186348468e-05
-3.12647477351824e-05
-3.45903861109775e-05
-3.78648501442314e-05
-4.10897010860722e-05
-4.42610358086792e-05
-4.73645428433755e-05
-5.03761095338451e-05
-5.32567913380522e-05
-5.59443116832092e-05
-5.83765241007894e-05
-6.04585825847437e-05
-6.20870542478169e-05
-6.31648379434413e-05
-6.36216340027529e-05
-6.34557944384495e-05
-6.27151108822943e-05
-6.15354121824563e-05
-6.01032244806898e-05
-5.8611709236045e-05
-5.72131751697125e-05
-5.59932308852318e-05
-5.49648000724989e-05
-5.40862493680905e-05
-5.3282725454018e-05
-5.24661043777019e-05
-5.15504305909076e-05
-5.04617181373845e-05
-4.91426344062518e-05
-4.75574440939042e-05
-4.56938306636623e-05
-4.35641106522056e-05
-4.12085296441767e-05
-3.86930071316627e-05
-3.6107922207762e-05
-3.35741850987503e-05
-3.12288389592297e-05
-2.92287027914284e-05
-2.77444733853827e-05
-2.69482353099093e-05
-2.70110322997397e-05
-2.80928058593588e-05
-3.03288644198929e-05
-3.38243322239862e-05
-3.86440879296401e-05
-4.48023562693578e-05
-5.22554222115446e-05
-6.08950390112994e-05
-7.05456526528536e-05
-8.09650957389607e-05
-9.18418119333353e-05
-0.000102803182633338
-0.000113430098647171
-0.000123261817419618
-0.000131816779713745
-0.000138614120182012
-0.000143181994038954
-0.000145078393742892
-0.000143904332894351
-0.000139316336245088
-0.000131021582472357
-0.000118803578086357
-0.000102502728527298
-8.20454815197991e-05
-5.74429392941056e-05
-2.88227774980498e-05
3.54577478489659e-06
3.92019749995143e-05
7.74588726493164e-05
0.000117339471472633
0.000157544810530652
0.00019643314752571
0.00023202273435885
0.000262068144962768
0.000284158807595247
0.000295909130532124
0.000295194424460021
0.00028041735600226
0.000250746645669153
0.000206311356887312
0.000148463186189218
7.95322141478039e-05
2.81441536742477e-06
-7.7683692811803e-05
-0.000157643342824088
-0.000232819319379018
-0.000299422986405062
-0.000354395679469377
-0.000395609933701024
-0.000421947199402695
-0.000433240943120694
-0.000430178115351509
-0.00041410763707006
-0.000386844722921609
-0.00035049324553782
-0.000307273650967943
-0.000259374466349271
-0.00020890095209225
-0.00015775436512655
-0.000107666653370586
-6.01185767834522e-05
-1.63771773920018e-05
2.25444662937946e-05
5.58705859354802e-05
8.30863156053852e-05
0.000103933528450284
0.000118416387806519
0.000126794408306097
0.000129560251416194
0.000127412663752935
0.000121202353708938
0.000111896603094408
0.00010051612320261
8.80767681010752e-05
7.55416562636668e-05
6.37753738708113e-05
5.34947086627824e-05
4.52554660412829e-05
3.94212440468777e-05
3.61710661422876e-05
3.5495217876047e-05
3.72250841262911e-05
4.10574352294191e-05
4.65870397814427e-05
5.33541960612283e-05
6.08794265000157e-05
6.87016415978903e-05
7.64052016100081e-05
8.36455904540401e-05
9.01615587745042e-05
9.57754708874603e-05
0.000100394692559291
0.000103997019329505
0.000106620268169877
0.000108346664973169
0.000109285844263063
0.000109565134742695
0.000109311691642855
0.000108647812968599
0.000107683306715955
0.000106508898922719
0.0001051960601961
0.000103794924044553
0.000102335674656562
0.000100825771343072
9.92577547931361e-05
9.76071654057442e-05
9.58384413496383e-05
9.39063063420953e-05
9.176132076405e-05
8.93483204089662e-05
8.66299219859368e-05
8.35648390762334e-05
8.01232344360692e-05
7.62907965967674e-05
7.20680459753709e-05
6.74725900151607e-05
6.25385160324399e-05
5.7323763791306e-05
5.18748238809152e-05
4.62579627380499e-05
4.05434366634871e-05
3.48008080686135e-05
2.90979046413398e-05
2.34959621203679e-05
1.80473691546723e-05
1.27963611928905e-05
7.77676534280403e-06
3.01217384368613e-06
-1.48492329543615e-06
-5.7068932912685e-06
-9.65477697789652e-06
-1.33351663045289e-05
-1.67782454596477e-05
-1.99704836001402e-05
-2.29299218501566e-05
-2.56721727209808e-05
-2.82145834473724e-05
-3.05731134853104e-05
-3.27605997885172e-05
-3.47888384766293e-05
-3.66699726139785e-05
-3.84123288732496e-05
-4.00242339271273e-05
-4.15098511119538e-05
-4.28726498746812e-05
-4.41202629986037e-05
-4.52533843731118e-05
-4.62734017769861e-05
-4.71851724359595e-05
-4.79880024606416e-05
-4.86825857404227e-05
-4.9277942837378e-05
-4.97685226363842e-05
-5.01584884737838e-05
-5.04499220177479e-05
-5.06442110470573e-05
-5.07441311192736e-05
-5.07482944556159e-05
-5.06553132773035e-05
-5.04637998055557e-05
-5.01682029252493e-05
-4.97588081849187e-05
-4.9230064469441e-05
-4.85653184334467e-05
-4.77534678466895e-05
-4.67778593638002e-05
-4.562322741819e-05
-4.42618164342434e-05
-4.26728097302487e-05
-4.08478806335211e-05
-3.87662124623489e-05
-3.6409764092582e-05
-3.37702088515357e-05
-3.08433834028676e-05
-2.76320633041394e-05
-2.41445752280356e-05
-2.03961847411449e-05
-1.64049329676175e-05
-1.22180043859998e-05
-7.85621567800376e-06
-3.37369021607969e-06
1.18793863634892e-06
5.77038417048925e-06
1.03264619077947e-05
1.4795109581911e-05
1.91235915991683e-05
2.32661112598009e-05
2.71754840852623e-05
3.08073011545673e-05
3.41324191133197e-05
3.71230823859037e-05
3.97612498481692e-05
4.20316559335276e-05
4.39301373056367e-05
4.54664084159617e-05
4.66501837159683e-05
4.74939532146834e-05
4.80240847089419e-05
4.8258619322894e-05
4.82322515260591e-05
4.79699613364915e-05
4.75050554449297e-05
4.68666772057702e-05
4.60839699734095e-05
4.51846893234631e-05
4.41979786103275e-05
4.3143960626324e-05
4.20420642743835e-05
4.0911718457437e-05
3.97723520784155e-05
3.86315979206131e-05
3.75005582142762e-05
3.63861718533087e-05
3.52946838422241e-05
3.42295636279744e-05
3.31915050999498e-05
3.21784265899794e-05
3.11937975450149e-05
3.02320668499334e-05
2.92869895002212e-05
2.83585654958785e-05
2.74395089983059e-05
2.65235750029902e-05
2.56007021137705e-05
2.4667420883695e-05
2.37098535249558e-05
2.27207141989538e-05
2.16878598413572e-05
2.05977596090534e-05
1.94374030759725e-05
1.81903103690928e-05
1.68382668919165e-05
1.53611498521222e-05
1.37379690956507e-05
1.19440915491431e-05
9.95349636045972e-06
7.73860142633254e-06
5.27026339236514e-06
2.51985932120391e-06
-5.4080004363577e-07
-3.93678145638177e-06
-7.68612604118424e-06
-1.1799242138899e-05
-1.6273614400486e-05
-2.10896404506666e-05
-2.62089829006218e-05
-3.15703192754757e-05
-3.70916838909885e-05
-4.26727229940749e-05
-4.82010265034916e-05
-5.35632302400835e-05
-5.86568987825942e-05
-6.34189749326719e-05
-6.77912587176976e-05
-7.17658571458557e-05
-7.53687043331119e-05
-7.86523624007884e-05
-8.16817100068867e-05
-8.45214523370608e-05
-8.72251923467182e-05
-8.98267571436406e-05
-9.23363815963363e-05
-9.47396674999545e-05
-9.69991448274143e-05
-9.90565268699228e-05
-0.000100837740935056
-0.000102253622236148
-0.000103207026258545
-0.000103593522648993
-0.00010331353827997
-0.000102270969470908
-0.000100387406720692
-9.76038694311399e-05
-9.38991939758438e-05
-8.92903806448686e-05
-8.38440428196918e-05
-7.76885500375357e-05
-7.10084768762442e-05
-6.40515418481868e-05
-5.71272196214778e-05
-5.05810671125317e-05
-4.47995807117962e-05
-4.01664812521574e-05
-3.70578567832069e-05
-3.57908147563535e-05
-3.66082164582338e-05
-3.96467580987547e-05
-4.49106030142588e-05
-5.22575038797157e-05
-6.13918638148192e-05
-7.18702874991095e-05
-8.31154589597816e-05
-9.44300193594927e-05
-0.000105052078147594
-0.000114169784737328
-0.000120976839657061
-0.000124709964577363
-0.000124690535674432
-0.00012035372698449
-0.000111269327085495
-9.71639435576321e-05
-7.79390441074668e-05
-5.36376498772029e-05
-2.45026221534772e-05
9.08856323533769e-06
4.65558147588752e-05
8.71649974421018e-05
0.000129990462838236
0.000173901171240942
0.00021756763057823
0.000259466059748803
0.000297885327515957
0.000331010219234429
0.000356968621328946
0.000374004993641819
0.000380580289505161
0.000375584285894348
0.000358475749084874
0.000329380966945791
0.000289358814686835
0.000240096831305436
0.00018400281298625
0.000124018850744534
6.33534891214538e-05
5.20694598549198e-06
-4.74856265419987e-05
-9.22970033734316e-05
-0.000127460542120872
-0.000151942347592637
-0.000165452374023545
-0.000168390301702459
-0.000161695656863969
-0.000146745116058611
-0.000125177646026486
-9.87501747040653e-05
-6.92224055853785e-05
-3.82499587558982e-05
-7.32608418374525e-06
2.22738494315422e-05
4.95145591195012e-05
7.35994598599632e-05
9.39692768042732e-05
0.000110288167487482
0.000122422905146635
0.000130417898702717
0.000134479233304674
0.000134936506412942
0.000132225480564685
0.000126845756120986
0.000119348281257814
0.000110297881938948
0.00010025036356609
8.97275309608148e-05
7.92019227979779e-05
6.90808521497388e-05
5.96973859234851e-05
5.13054876360997e-05
4.40796704692659e-05
3.81191606058096e-05
3.34517136213464e-05
3.00450636592231e-05
2.78190664948497e-05
2.66495159273461e-05
2.63879196271688e-05
2.68698258087952e-05
2.79196804564563e-05
2.93709501164585e-05
3.10621320331883e-05
3.28509788816156e-05
3.46138048779032e-05
3.62515573115729e-05
3.76896430731577e-05
3.8876540875421e-05
3.97862298662233e-05
4.04139395560055e-05
4.07765834986584e-05
4.09098102616134e-05
4.0867309536452e-05
4.07190774154298e-05
4.0547816840264e-05
4.04461186764848e-05
4.0507701359882e-05
4.08146606789561e-05
4.14116223951266e-05
4.23172781538472e-05
4.34700019036338e-05
4.47520926566414e-05
4.60079023489879e-05
4.70736730845411e-05
4.78086754213125e-05
4.81160250531687e-05
4.79586422658107e-05
4.73340984463722e-05
4.62823356028874e-05
4.4864806314493e-05
4.31521138266611e-05
4.12141674954736e-05
3.91125500043277e-05
3.68977418063743e-05
3.46075598733897e-05
3.22677648489922e-05
2.98931018827275e-05
2.74886016726761e-05
2.5053743801795e-05
2.25807220144425e-05
2.00582606080246e-05
1.74717879053432e-05
1.4805864867462e-05
1.20434912043166e-05
9.16697273645184e-06
6.16000306319364e-06
3.00905134142937e-06
-3.03923552991137e-07
-3.78794218214296e-06
-7.45306594218675e-06
-1.13065806717216e-05
-1.53495272048332e-05
-1.95815585968262e-05
-2.39974706772728e-05
-2.85854673265362e-05
-3.33337524249799e-05
-3.82166520651595e-05
-4.32140434547534e-05
-4.82974771287559e-05
-5.34357280645992e-05
-5.85920201245926e-05
-6.37337405073879e-05
-6.88248069646846e-05
-7.38319128057441e-05
-7.87238330079987e-05
-8.3474893664004e-05
-8.80670536496098e-05
-9.24815779512755e-05
-9.67184665690013e-05
-0.000100774943945225
-0.000104659336752633
-0.000108378583885127
-0.00011195350202442
-0.000115389642285635
-0.000118693943562675
-0.000121860854740419
-0.000124876498031057
-0.000127693688956043
-0.000130259691921708
-0.000132531485785847
-0.000134318944855494
-0.000135534639067458
-0.000136046729437567
-0.000135691458069687
-0.000134316169297932
-0.00013182510638643
-0.000128068389226854
-0.000122962751092359
-0.000116473497513425
-0.000108608955162737
-9.94412885368945e-05
-8.91009488412919e-05
-7.77780617688961e-05
-6.57057741548783e-05
-5.31616417553948e-05
-4.04509759022176e-05
-2.78901901573647e-05
-1.57929225252929e-05
-4.4353409833775e-06
5.92581539393677e-06
1.50976453561213e-05
2.2960799928029e-05
2.94472779494015e-05
3.45654060929235e-05
3.8397063306661e-05
4.10685374596653e-05
4.27588520146571e-05
4.36831126826576e-05
4.40592007322493e-05
4.41147118834806e-05
4.40494862807839e-05
4.40439351656607e-05
4.42368364161894e-05
4.47211712106821e-05
4.55510629215894e-05
4.67223482125689e-05
4.82100470655666e-05
4.99517094354474e-05
5.18543541438987e-05
5.38152855611429e-05
5.57345836149636e-05
5.75053893392408e-05
5.90374971132235e-05
6.02441707631129e-05
6.10657358013356e-05
6.14577833069063e-05
6.13967210405519e-05
6.08756101083685e-05
5.99027771830407e-05
5.85066717295746e-05
5.67185187705377e-05
5.45834211163054e-05
5.21520326923763e-05
4.94777829818105e-05
4.66134075782776e-05
4.36112951307521e-05
4.05057931640584e-05
3.73780867368723e-05
3.42614825399323e-05
3.11892872639774e-05
2.81951545444414e-05
2.53057991228545e-05
2.25455071278802e-05
1.99324931560163e-05
1.74802880503755e-05
1.52005144582468e-05
1.30990704394485e-05
1.11787315515421e-05
9.44001821157059e-06
7.88041507049364e-06
6.49497816640476e-06
5.27763596713804e-06
4.22049548087777e-06
3.31410246467989e-06
2.54830878620993e-06
1.91227242374303e-06
1.39432736190326e-06
9.82460640619465e-07
6.64301513103593e-07
4.27338286285162e-07
2.5879905857229e-07
1.45826547452016e-07
7.5467586281748e-08
3.55530221148731e-08
2.27628246113332e-08
2.01119502996061e-09
-2.82976767018717e-08
-7.98948580904568e-08
-1.65774512173034e-07
-2.99044643214952e-07
-4.92531362916715e-07
-7.59331833521948e-07
-1.11200111618803e-06
-1.5629858518551e-06
-2.1243423686812e-06
-2.80817036291126e-06
-3.62531185627013e-06
-4.58626192578748e-06
-5.70012786971219e-06
-6.97601698629313e-06
-8.42069469708662e-06
-1.00386712831302e-05
-1.18334161913758e-05
-1.38063172006042e-05
-1.59545987532539e-05
-1.82728832065493e-05
-2.07542316665865e-05
-2.33844194008626e-05
-2.61481808427888e-05
-2.90215768083968e-05
-3.19830967265844e-05
-3.49987400172225e-05
-3.80341591554867e-05
-4.10810274686924e-05
-4.40598946216397e-05
-4.6928433361515e-05
-4.96443164355043e-05
-5.21548082499379e-05
-5.44120304368789e-05
-5.63722679647327e-05
-5.79911119125143e-05
-5.92324800319233e-05
-6.00713923049057e-05
-6.04849503815785e-05
-6.04780114876746e-05
-6.00561267383171e-05
-5.92428883727791e-05
-5.80854808696074e-05
-5.66352520436908e-05
-5.49713052855338e-05
-5.3167192870518e-05
-5.13117326406132e-05
-4.9496517995351e-05
-4.78062034403592e-05
-4.63198923661423e-05
-4.50847692512468e-05
-4.41452430166578e-05
-4.35082525562791e-05
-4.31474300732759e-05
-4.30044888588554e-05
-4.29850599559245e-05
-4.29697943893359e-05
-4.28115876083268e-05
-4.23411306016419e-05
-4.13877265792451e-05
-3.97709642996347e-05
-3.73409636544864e-05
-3.39506200930373e-05
-2.95027891006328e-05
-2.39239184018913e-05
-1.7201517987786e-05
-9.36889454905554e-06
-5.02375918642883e-07
9.26342336171615e-06
1.97619698383278e-05
3.07989744818826e-05
4.21315760057439e-05
5.35321786898635e-05
6.47579212476046e-05
7.55798201801383e-05
8.57855453340051e-05
9.51919099101417e-05
0.000103658748251689
0.000111070874719843
0.000117382492614837
0.000122564458582275
0.000126626487073622
0.000129631028134014
0.000131615551790532
0.000132693855903199
0.000132964472765451
0.000132534261343409
0.000131504529488069
0.000129964095041402
0.000127994836951473
0.00012566336859976
0.000123025201137494
0.000120109477919073
0.000116945342298891
0.000113549447622319
0.00010992873278326
0.000106087361118057
0.000102027414294881
9.77565250970258e-05
9.3281632418396e-05
8.86117568210665e-05
8.37704905443104e-05
7.87765686016684e-05
7.36570526793656e-05
6.84445555787505e-05
6.31723839905618e-05
5.78759262737094e-05
5.25884891189321e-05
4.73454608851398e-05
4.21808421524617e-05
3.71230823859037e-05
3.2195426880044e-05
2.7421814818851e-05
2.28164709348277e-05
1.83918852370013e-05
1.41556905086659e-05
1.01110092520784e-05
6.25645368845795e-06
2.58716659207181e-06
-9.04484820374307e-07
-4.22908236208386e-06
-7.39946298677907e-06
-1.04305453163533e-05
-1.33377683897429e-05
-1.61396937481406e-05
-1.88526277922207e-05
-2.1494785118481e-05
-2.40841201148978e-05
-2.66369391821453e-05
-2.91683344144644e-05
-3.16913162379251e-05
-3.42136041719954e-05
-3.67375400933678e-05
-3.92559248996172e-05
-4.17488526388565e-05
-4.41718276539271e-05
-4.64742393874173e-05
-4.85636270780576e-05
-5.03207284868745e-05
-5.16086305635266e-05
-5.22981397771405e-05
-5.23090251669522e-05
-5.16565522995505e-05
-5.04906012832596e-05
-4.90339106123949e-05
-4.75511990893906e-05
-4.62561412784002e-05
-4.52637927139676e-05
-4.45901995882458e-05
-4.41809783202629e-05
-4.39465304424846e-05
-4.37862419933044e-05
-4.36064379050194e-05
-4.33252392295636e-05
-4.28759458492856e-05
-4.22101589792057e-05
-4.12963066520611e-05
-4.01208580247392e-05
-3.86919662975771e-05
-3.70373870461904e-05
-3.52072537790349e-05
-3.32754657161871e-05
-3.13356979253498e-05
-2.95072993816703e-05
-2.79228029587131e-05
-2.6731047930717e-05
-2.60905880233864e-05
-2.6164487243463e-05
-2.71047073674424e-05
-2.9052107941574e-05
-3.21187521024058e-05
-3.63910290790415e-05
-4.1899123059963e-05
-4.86312379255338e-05
-5.65117397322012e-05
-6.54011567124968e-05
-7.50947914962552e-05
-8.5325496668176e-05
-9.57622869890429e-05
-0.000106025604962312
-0.000115690096391674
-0.000124310284288498
-0.000131424732208174
-0.000136575473153044
-0.000139330214032896
-0.000139285805111911
-0.00013608836280099
-0.000129445065777389
-0.000119135257214964
-0.000105022934793197
-8.70664651486663e-05
-6.53505027869983e-05
-4.0092928976776e-05
-1.16878728917413e-05
1.92748594862735e-05
5.19737031190459e-05
8.53275783363472e-05
0.000117997278614723
0.000148386858356275
0.000174694980703549
0.000194998184266382
0.00020739104877876
0.000210130524092023
0.000201860750337346
0.000181753223582604
0.000149739942667537
0.000106560593682303
5.3820836676266e-05
-6.09651218397289e-06
-7.01882996168024e-05
-0.000135090549857608
-0.000197349081521025
-0.000253730370047833
-0.000301450531203784
-0.000338383487896721
-0.000363177543594162
-0.000375251218986961
-0.000374777986422714
-0.000362575247603303
-0.000339950290140223
-0.000308587877473343
-0.000270378164302087
-0.000227314000955658
-0.000181381298869354
-0.000134461886069914
-8.82988127060003e-05
-4.44380643394027e-05
-4.19664303308309e-06
3.13638004456607e-05
6.14452932978793e-05
8.55371329322452e-05
0.000103424213637737
0.000115170373238271
0.000121107290862454
0.000121810894704311
0.000118052095876564
0.000110747522263921
0.000100920660717208
8.96012430917636e-05
7.78016540081694e-05
6.64419907980829e-05
5.6303572915084e-05
4.8001186359059e-05
4.19546342111943e-05
3.83866549658052e-05
3.73159836364323e-05
3.86017606768263e-05
4.19574097687558e-05
4.69950467429925e-05
5.32594801594399e-05
6.02809469008037e-05
6.76049494163777e-05
7.48217460211364e-05
8.158543285397e-05
8.76358013934819e-05
9.2789664840609e-05
9.69432867314879e-05
0.000100067870656417
0.000102186661909975
0.000103373212767544
0.000103726749411948
0.000103366620818335
0.000102419114855756
0.000101008437725092
9.92508158992322e-05
9.72518940378642e-05
9.50999695659149e-05
9.28665130905948e-05
9.0607903124873e-05
8.83609158064402e-05
8.61458473999654e-05
8.39673816588338e-05
8.18158041315797e-05
7.96669154257135e-05
7.74872353781486e-05
7.52252427016487e-05
7.28471970246058e-05
7.03000158086553e-05
6.75346931156007e-05
6.45094221096709e-05
6.11947992279482e-05
5.75750384868012e-05
5.36513541926631e-05
4.94423078867268e-05
4.49839818172926e-05
4.03269431736852e-05
3.55337287372137e-05
3.06733805022219e-05
2.58177160206152e-05
2.10368181208231e-05
1.6393483792676e-05
1.19430507150575e-05
7.72680530669589e-06
3.77631953485391e-06
1.09461051334137e-07
-3.26735166700232e-06
-6.35637376067422e-06
-9.16836051523262e-06
-1.17208326377849e-05
-1.40342598653476e-05
-1.61325813818891e-05
-1.80400833160732e-05
-1.97813987412587e-05
-2.13787321179382e-05
-2.28567165194704e-05
-2.42330461253104e-05
-2.55271498383891e-05
-2.67542932252951e-05
-2.79311296313978e-05
-2.90677204528578e-05
-3.01772495880925e-05
-3.12659620416156e-05
-3.23414905967212e-05
-3.34121619260941e-05
-3.44800576979054e-05
-3.55528106954495e-05
-3.66255636929935e-05
-3.77045616950511e-05
-3.87849474758895e-05
-3.98618638097759e-05
-4.09325351391487e-05
-4.19872470125426e-05
-4.30142033103209e-05
-4.40036895810181e-05
-4.49362769217032e-05
-4.57953119870069e-05
-4.65585903164367e-05
-4.72025196707193e-05
-4.77048955893622e-05
-4.80296358240651e-05
-4.81559236931162e-05
-4.80532280633383e-05
-4.76910178015544e-05
-4.70512517836141e-05
-4.61020110975596e-05
-4.4829417955583e-05
-4.32112678971919e-05
-4.12475609223861e-05
-3.89327459160427e-05
-3.62682106569423e-05
-3.32636695965505e-05
-2.99413271953597e-05
-2.63317145865472e-05
-2.24598117881669e-05
-1.83714154999848e-05
-1.41039957490818e-05
-9.71167590790856e-06
-5.24025267623074e-06
-7.38298311375729e-07
3.72757380517896e-06
8.12128142513302e-06
1.23956400699399e-05
1.65062408186145e-05
2.04156136440758e-05
2.4097390749489e-05
2.75238165592384e-05
3.06768499491739e-05
3.3552327582953e-05
3.61419227878912e-05
3.84442477852076e-05
4.04731803627101e-05
4.22314960779602e-05
4.3737236055108e-05
4.50112169758654e-05
4.60631532916977e-05
4.69180250206591e-05
4.75910977293381e-05
4.81031880994465e-05
4.8468173918792e-05
4.87013207539633e-05
4.88165063927681e-05
4.88248330654528e-05
4.87374030022636e-05
4.8560461207714e-05
4.83016404650982e-05
4.79644102213683e-05
4.7553627702257e-05
4.70706806865451e-05
4.65176508424037e-05
4.58993953955655e-05
4.52124448990787e-05
4.44595749105048e-05
4.36407854298437e-05
4.2756770346486e-05
4.18061418816507e-05
4.07902878141186e-05
3.97071264757187e-05
3.85566578664509e-05
3.73361064287536e-05
3.60461660520173e-05
3.46805917317283e-05
3.32369548550204e-05
3.17103981961608e-05
3.00932889718553e-05
2.83797291222854e-05
2.65593103065953e-05
2.46219711286244e-05
2.25531399111745e-05
2.03399797005233e-05
1.79481429718464e-05
1.53807522274008e-05
1.26166438407793e-05
9.6336133514896e-06
6.40858893730112e-06
2.91832530363578e-06
-8.59555482346508e-07
-4.93251273159245e-06
-9.3345470242312e-06
-1.40743319776426e-05
-1.91530818982599e-05
-2.45596945558368e-05
-3.02690164599717e-05
-3.62381132046341e-05
-4.2405315370253e-05
-4.86877031746769e-05
-5.49842289754299e-05
-6.11807479677928e-05
-6.71559162446211e-05
-7.28050432441396e-05
-7.80183209703189e-05
-8.27230645095156e-05
-8.68806762643892e-05
-9.04920235966777e-05
-9.35933622270291e-05
-9.62474891452736e-05
-9.85315995460923e-05
-0.00010052115390069
-0.000102279990032983
-0.000103847833110571
-0.0001052357853637
-0.000106428928170477
-0.000107380770941745
-0.000108024700296028
-0.000108275541310654
-0.000108034761692188
-0.000107199318866158
-0.000105670333594432
-0.000103357947200955
-0.000100195893248944
-9.61473956007097e-05
-9.12183523160692e-05
-8.54628867674734e-05
-7.89986132065934e-05
-7.20021264832837e-05
-6.47183695523523e-05
-5.74498781880095e-05
-5.0547760421793e-05
-4.44026759804927e-05
-3.94080601484603e-05
-3.59469398691914e-05
-3.43558514970255e-05
-3.4898473000311e-05
-3.77323172706667e-05
-4.2889997109441e-05
-5.0261877992952e-05
-5.95849758422418e-05
-7.04526714745413e-05
-8.23174861608322e-05
-9.451397997573e-05
-0.000106295527935174
-0.000116862075572044
-0.000125398302852631
-0.000131128441438477
-0.00013333500969992
-0.000131405997194634
-0.000124854293570564
-0.000113330178574955
-9.66407509572775e-05
-7.47360506814232e-05
-4.77132222620469e-05
-1.57998614191968e-05
2.06362704702201e-05
6.10997363814647e-05
0.000104931341393666
0.000151298418238355
0.000199162908387507
0.000247245279805242
0.000293999546929768
0.00033761882178851
0.000376060294016156
0.000407121558687606
0.00042858078197483
0.000438368785715681
0.000434798030912731
0.000416783274559407
0.000384091369820538
0.000337448124998474
0.000278639611384079
0.000210387263166467
0.000136191058430768
6.00255956051399e-05
-1.40193412434542e-05
-8.21162582376189e-05
-0.00014100665080008
-0.000188250803834222
-0.000222354079593146
-0.000242780795467468
-0.000249883447267507
-0.000244740339105931
-0.000228997376616746
-0.000204629369005005
-0.000173758230026522
-0.000138525302340042
-0.000100926211832331
-6.27636831396217e-05
-2.55712118146789e-05
9.39526234589039e-06
4.11420897350467e-05
6.89559520594685e-05
9.23608411973476e-05
0.000111088221954603
0.000125082583180003
0.000134450089950278
0.000139453032454995
0.00014047443763765
0.000138001415850297
0.000132593241941592
0.000124848742455441
0.000115386866728073
0.00010481476797608
9.37035171677536e-05
8.25693680095441e-05
7.18550219325209e-05
6.19344853181047e-05
5.30832322542807e-05
4.55031845536524e-05
3.93084870209393e-05
3.45425077430406e-05
3.11785319784263e-05
2.91343338343353e-05
2.82829315523259e-05
2.84636897385226e-05
2.94923807597769e-05
3.11767972549504e-05
3.33223032500385e-05
3.57436302778069e-05
3.82730305781287e-05
4.07640934896314e-05
4.30983373989058e-05
4.51871179363295e-05
4.69721483931096e-05
4.84251527765878e-05
4.954786581024e-05
5.03691706399412e-05
5.09399813997113e-05
5.13327227946725e-05
5.16327432198427e-05
5.19313758662321e-05
5.23162242693775e-05
5.28583253556203e-05
5.35997028011659e-05
5.45417010167082e-05
5.56331890277928e-05
5.6804170742164e-05
5.79368584358031e-05
5.89051810800933e-05
5.9592218312754e-05
5.99055527406023e-05
5.97940967572708e-05
5.92280564870595e-05
5.82141106153511e-05
5.67831372200178e-05
5.49816268902159e-05
5.28637897345696e-05
5.04850501681364e-05
4.78977968398908e-05
4.51461784622964e-05
4.22675783262605e-05
3.92895785350511e-05
3.62307406298612e-05
3.31033811473702e-05
2.99111430068777e-05
2.6653852736036e-05
2.33275204708505e-05
1.99243399556792e-05
1.64347702114043e-05
1.28480559524746e-05
9.1551766168152e-06
5.34398914009415e-06
1.40720768371239e-06
-2.66418831440518e-06
-6.8736683012105e-06
-1.12240078342651e-05
-1.57159008029595e-05
-2.03455308156464e-05
-2.51056120337267e-05
-2.99878177845159e-05
-3.49789641695963e-05
-4.00644795117699e-05
-4.52249349081058e-05
-5.04422892344536e-05
-5.56922563621498e-05
-6.09567951670442e-05
-6.62130072992539e-05
-7.14428516346288e-05
-7.66255114914571e-05
-8.17422518561983e-05
-8.67875216137293e-05
-9.17432796398998e-05
-9.66088320453196e-05
-0.0001013689132634
-0.000106024911072922
-0.000110567111022419
-0.000114977471987743
-0.000119244891738646
-0.000123338839141951
-0.000127217680834235
-0.000130828681221828
-0.000134101063586911
-0.000136975153441909
-0.000139289968448253
-0.000140944200754944
-0.000141828215838302
-0.000141810174714152
-0.000140742972831731
-0.000138558609030781
-0.000135136346557374
-0.000130409572030032
-0.000124357468767045
-0.000116995302334999
-0.00010840078834562
-9.86780102074647e-05
-8.8001828046913e-05
-7.65928986901088e-05
-6.46926956449079e-05
-5.25759991099051e-05
-4.05203648412567e-05
-2.88144508253652e-05
-1.77219350305791e-05
-7.46624984060418e-06
1.76109127281165e-06
9.84073933452123e-06
1.66963665115816e-05
2.23335239191158e-05
2.68007838144513e-05
3.02202707302968e-05
3.27307625447304e-05
3.45334871809655e-05
3.58199581107499e-05
3.67997299299816e-05
3.7654601658943e-05
3.85538823088893e-05
3.96196964125295e-05
4.09450251481758e-05
4.25742774368132e-05
4.45116166147841e-05
4.67237359913497e-05
4.91454099638133e-05
5.16919840265473e-05
5.42621503285545e-05
5.67462743461533e-05
5.90430482283466e-05
6.10539396816989e-05
6.26970697581442e-05
6.3907906744376e-05
6.46427356087997e-05
6.48731068864095e-05
6.459000001513e-05
6.38059050039885e-05
6.25464957604294e-05
6.08443850858009e-05
5.87488391268209e-05
5.63125934771591e-05
5.35883837304851e-05
5.06136799138801e-05
4.74870143207795e-05
4.42548775403395e-05
4.0959596825374e-05
3.76504383226006e-05
3.43676476166621e-05
3.11500825134203e-05
2.80296619248332e-05
2.50351822606021e-05
2.21881540918289e-05
1.95045368744928e-05
1.69994227028347e-05
1.46802708878013e-05
1.25524590721682e-05
1.06172015623685e-05
8.87397794135936e-06
7.31862487279855e-06
5.94550450538911e-06
4.74724426435813e-06
3.71473685145673e-06
2.83818107904565e-06
2.10647471687864e-06
1.50799511766664e-06
1.03068595325162e-06
6.62057214606548e-07
3.89532156530592e-07
2.00143721040824e-07
8.10224283498417e-08
1.93584297897287e-08
2.42590236093632e-09
1.8126505071242e-08
5.71798061373488e-08
1.09165606242134e-07
1.29976866942993e-07
1.29632632753229e-07
9.99092301945392e-08
2.62160085306995e-08
-1.05666343730437e-07
-3.09301195766665e-07
-5.98132654516803e-07
-9.84845885398933e-07
-1.48249468256978e-06
-2.10387263166467e-06
-2.86029880336436e-06
-3.76391626200068e-06
-4.82582723781988e-06
-6.05522576524464e-06
-7.46156608721904e-06
-9.05213404234217e-06
-1.08324807457372e-05
-1.28053817549656e-05
-1.4972745265851e-05
-1.73316222484843e-05
-1.98775024218278e-05
-2.26013652238066e-05
-2.5487945087832e-05
-2.85216295026203e-05
-3.16781323395077e-05
-3.49290041334882e-05
-3.82412851385183e-05
-4.15743828252602e-05
-4.49189296869434e-05
-4.8185760936903e-05
-5.13318554329345e-05
-5.42982325768548e-05
-5.70335445537751e-05
-5.94808924336832e-05
-6.15854589547382e-05
-6.32910390763186e-05
-6.4561550550124e-05
-6.5355360012731e-05
-6.56544263399894e-05
-6.54462595228722e-05
-6.47440434597968e-05
-6.35713703900365e-05
-6.19795881284801e-05
-6.00283711627014e-05
-5.78037617771088e-05
-5.54029044863569e-05
-5.29368215929082e-05
-5.05082087265407e-05
-4.82378026411823e-05
-4.62158089575837e-05
-4.4531045517715e-05
-4.32279212425613e-05
-4.23439061592035e-05
-4.18540202495876e-05
-4.17110790351671e-05
-4.18123868861642e-05
-4.20247170396237e-05
-4.21787604842905e-05
-4.2080228190855e-05
-4.15167900058577e-05
-4.02844424485238e-05
-3.81805698168591e-05
-3.5031699763266e-05
-3.06921155157625e-05
-2.50716114535976e-05
-1.81313297709096e-05
-9.8879238130678e-06
-4.20496970576778e-07
1.01349484360469e-05
2.15868989350554e-05
3.37105343639621e-05
4.62477278695417e-05
5.89056581290492e-05
7.14137082802324e-05
8.34790570003463e-05
9.48560674451926e-05
0.000105318531673504
0.000114680487328656
0.000122782339850858
0.000129603272558398
0.000135086386521266
0.000139235845075802
0.000142123812718609
0.000143823841725066
0.000144466383300568
0.000144179113092946
0.000143113298989306
0.000141402167752602
0.000139172007251886
0.000136535227568402
0.000133582034322899
0.000130381816454417
0.000126987309556625
0.000123429044762702
0.000119719512081673
0.000115861487071101
0.000111848030837081
0.000107674980043271
0.000103329844680644
9.8802910297735e-05
9.40941768945436e-05
8.92091955861929e-05
8.41528235984157e-05
7.89514287280468e-05
7.36244398780173e-05
6.82016942921138e-05
6.2719968108027e-05
5.72125680164959e-05
5.1716270155211e-05
4.62685445512534e-05
4.09013101165812e-05
3.56485674313234e-05
3.05342556794486e-05
2.5583701823706e-05
2.08125183753793e-05
1.62345831222765e-05
1.18578757923871e-05
7.68517194327245e-06
3.71404296206634e-06
-5.89805981832114e-08
-3.64291929955129e-06
-7.04800801054617e-06
-1.02889918807136e-05
-1.33807895319471e-05
-1.63397073649207e-05
-1.91841334484799e-05
-2.1930721127994e-05
-2.45980319446559e-05
-2.72021988267923e-05
-2.97598751197725e-05
-3.22828569432332e-05
-3.47813791656826e-05
-3.72585642893775e-05
-3.97097719290196e-05
-4.21186956839348e-05
-4.44449598652197e-05
-4.66484489924923e-05
-4.86455493942106e-05
-5.03262796019976e-05
-5.15610557721979e-05
-5.22212481590678e-05
-5.22172582950731e-05
-5.15462672545652e-05
-5.03366879428535e-05
-4.88013275623533e-05
-4.72061625900189e-05
-4.57758397159891e-05
-4.463755753914e-05
-4.38154720838746e-05
-4.32578452225219e-05
-4.28750784875476e-05
-4.25662977088237e-05
-4.22374808739523e-05
-4.18082235498218e-05
-4.12149481210378e-05
-4.04133324027889e-05
-3.93768351258927e-05
-3.80988643411406e-05
-3.65931243639928e-05
-3.48939627192735e-05
-3.30582783369948e-05
-3.11636133565329e-05
-2.93085000713234e-05
-2.76112466224276e-05
-2.62064675515816e-05
-2.52426551883289e-05
-2.48700365856891e-05
-2.52430021330241e-05
-2.65096972151824e-05
-2.87953688671294e-05
-3.22054882762046e-05
-3.68087504920567e-05
-4.26297885880444e-05
-4.96429286567235e-05
-5.77628223030757e-05
-6.68451405338999e-05
-7.6676859306346e-05
-8.69929128732849e-05
-9.74595404379386e-05
-0.000107702041729496
-0.000117301307556161
-0.000125817412044427
-0.000132798633201148
-0.000137801575705865
-0.000140396028136536
-0.000140192024655761
-0.000136840538900174
-0.000130057076219714
-0.000119618204230676
-0.000105378206161078
-8.72968364262761e-05
-6.54379328501875e-05
-4.00096622499291e-05
-1.1385337117531e-05
1.98605021317633e-05
5.29090660172926e-05
8.66917648778553e-05
0.000119848575508286
0.000150769674522877
0.000177606540585629
0.000198381588933927
0.000211121398141501
0.000214012141341868
0.000205602201930333
0.000185022830390125
0.000152136636621947
0.000107665265591805
5.32490718185841e-05
-8.69165850403419e-06
-7.50649542524684e-05
-0.000142402756253546
-0.000207125983031631
-0.000265884536609917
-0.000315786286009256
-0.000354627438525768
-0.000380971643121342
-0.000394217991583901
-0.000394517751800549
-0.000382689713251949
-0.000360060592452527
-0.000328344296196548
-0.00028945595920149
-0.000245434228496322
-0.00019828028108293
-0.000149930068360504
-0.000102166886062349
-5.65755775561172e-05
-1.4521717162097e-05
2.28678187497167e-05
5.47492606806088e-05
8.05619460031437e-05
0.000100022767846042
0.000113152542891015
0.00012024686801837
0.000121858079182857
0.000118745291377564
0.000111836234717444
0.000102164804394178
9.0798896179578e-05
7.87980791727705e-05
6.71275535157889e-05
5.66269253710061e-05
4.79651041107587e-05
4.1604220069047e-05
3.78051756566578e-05
3.66234820248224e-05
3.79252185211953e-05
4.14300538320589e-05
4.67410832261095e-05
5.33878496966622e-05
6.08763039977589e-05
6.87228052242972e-05
7.64919377838069e-05
8.38117769630387e-05
9.04016445035793e-05
9.60575369246541e-05
0.000100669472757886
0.000104195818639852
0.000106662595422691
0.000108138151211357
0.000108727610248494
0.000108553444011505
0.000107743675092919
0.000106429448587519
0.00010472959305341
0.000102751834818449
0.000100587073392777
9.83095549411672e-05
9.59744436701548e-05
9.36204239132543e-05
9.12681388798298e-05
8.89227927403091e-05
8.65757118773125e-05
8.42045183579998e-05
8.17771197980655e-05
7.92441633146179e-05
7.65771127064774e-05
7.37258344651881e-05
7.06454859888961e-05
6.7297816624956e-05
6.36567187850545e-05
5.97089218346003e-05
5.54574615396763e-05
5.0922027011735e-05
4.61385270267289e-05
4.11582226633733e-05
3.60426098688915e-05
3.08619449440606e-05
2.56889995386977e-05
2.05946371067967e-05
1.56454710298348e-05
1.08992675995623e-05
6.40182351574481e-06
2.18696588616396e-06
-1.72188652225458e-06
-5.31519273039294e-06
-8.59208537651313e-06
-1.15622789120806e-05
-1.42399980695984e-05
-1.66467534201686e-05
-1.8805096368979e-05
-2.07389660999979e-05
-2.24768120782315e-05
-2.40397979300866e-05
-2.54553322864837e-05
-2.67414562715729e-05
-2.79224560140179e-05
-2.90163726379689e-05
-3.0037777820624e-05
-3.10029779626575e-05
-3.19279325200483e-05
-3.28216620548716e-05
-3.36987382443255e-05
-3.45640183141427e-05
-3.54320739415215e-05
-3.63035990158522e-05
-3.71903896567716e-05
-3.80959153112315e-05
-3.90187882004511e-05
-3.99610899926017e-05
-4.09242084664641e-05
-4.19012047281342e-05
-4.28782009898043e-05
-4.38496461363513e-05
-4.48002746011866e-05
-4.57092697025985e-05
-4.65530392013136e-05
-4.73038275217164e-05
-4.79324913094104e-05
-4.84098872099992e-05
-4.86957696388401e-05
-4.87554441264137e-05
-4.8556991760762e-05
-4.80671058511462e-05
-4.72510919280467e-05
-4.60798066370671e-05
-4.45365966328382e-05
-4.26089719063327e-05
-4.02844424485238e-05
-3.75616204806306e-05
-3.44627104631456e-05
-3.10015901838767e-05
-2.72060152184395e-05
-2.31190067090381e-05
-1.87794224615345e-05
-1.42455491847215e-05
-9.57289802983041e-06
-4.82391904199631e-06
-4.9960036108132e-08
4.67681449123347e-06
9.30505672513959e-06
1.37750921780366e-05
1.80452874865011e-05
2.20670703932058e-05
2.58085219861925e-05
2.9247437804969e-05
3.23657767253849e-05
3.51593754110979e-05
3.76212949682042e-05
3.976263762695e-05
4.16389145385665e-05
4.32084923396303e-05
4.45074532784417e-05
4.55621651518356e-05
4.64031590929892e-05
4.70193328716562e-05
4.74911776571219e-05
4.78339590159749e-05
4.80712691874885e-05
4.82114348443474e-05
4.82780482258249e-05
4.82766604470442e-05
4.82183737382513e-05
4.810943310396e-05
4.79533079911221e-05
4.77520800679088e-05
4.75057493343201e-05
4.7214315790356e-05
4.68715344315029e-05
4.64760174789802e-05
4.60236015964455e-05
4.55128990051179e-05
4.49355830323128e-05
4.42909597886398e-05
4.35741720483662e-05
4.27810564751496e-05
4.19095314008189e-05
4.09547395996412e-05
3.99139055140552e-05
3.87814780289375e-05
3.75546815867267e-05
3.62244956253477e-05
3.47874506978485e-05
3.32345262421541e-05
3.15584364196653e-05
2.97456503872695e-05
2.77871475828917e-05
2.5667315495248e-05
2.33708885577499e-05
2.08796521738996e-05
1.81750448025042e-05
1.52352089277663e-05
1.20381135615411e-05
8.56016646455515e-06
4.77760192518772e-06
6.70470623465036e-07
-3.78169717762944e-06
-8.59225884886072e-06
-1.37688471735231e-05
-1.93074722876219e-05
-2.51937359863064e-05
-3.13945917873593e-05
-3.78605133355414e-05
-4.45215045385972e-05
-5.12876199842971e-05
-5.80512200809569e-05
-6.46922619640389e-05
-7.10865394326632e-05
-7.713222421879e-05
-8.27159521432641e-05
-8.77643444030518e-05
-9.22402779157672e-05
-9.6142538374977e-05
-9.95047794161152e-05
-0.000102384767330932
-0.000104853972726637
-0.000106983866210442
-0.000108832214074095
-0.000110435272038245
-0.000111801540247924
-0.000112911416327854
-0.000113719450522964
-0.000114154866115435
-0.000114129539152685
-0.000113543202617805
-0.000112292813936321
-0.000110277759146626
-0.000107413730687789
-0.000103638625459368
-9.89260756645294e-05
-9.32972449296798e-05
-8.68315835900191e-05
-7.96675225789301e-05
-7.20153103817012e-05
-6.41521558097935e-05
-5.64152891069369e-05
-4.91905127741887e-05
-4.28893032200506e-05
-3.79293818575377e-05
-3.46958572983169e-05
-3.35197147816046e-05
-3.46431217046472e-05
-3.81805698168591e-05
-4.41174874410422e-05
-5.22817900083794e-05
-6.23431861690449e-05
-7.38173411285459e-05
-8.60943261127289e-05
-9.84448633722934e-05
-0.00011007167399768
-0.000120138621273469
-0.000127819976825094
-0.000132328870083853
-0.000132974187216917
-0.000129184163366602
-0.000120511933765499
-0.000106681330436231
-8.7557738837063e-05
-6.31633634284867e-05
-3.36480843188269e-05
6.99440505513849e-07
3.94601018527396e-05
8.20954415559072e-05
0.000127903243551941
0.000176011982766511
0.000225343355086949
0.000274553990653459
0.000322045168310581
0.000365933672252794
0.000404092037609161
0.000434259572745788
0.000454145054895605
0.000461664040329879
0.000455138704502644
0.00043358927559467
0.000396900567967151
0.000346024597863703
0.00028297364451646
0.000210732820082882
0.00013305190282864
5.41164335565725e-05
-2.18630669124309e-05
-9.09897157619355e-05
-0.000150035539547844
-0.000196662131024539
-0.000229526120332224
-0.000248279174996924
-0.000253473630973389
-0.000246377918067253
-0.000228776719790602
-0.0002027739087751
-0.000170581604397313
-0.000134368904891602
-9.61480894901001e-05
-5.76899639170847e-05
-2.04863903618957e-05
1.42511002998447e-05
4.56065740728206e-05
7.29125093634764e-05
9.57511847587966e-05
0.00011390749454776
0.000127357846491094
0.000136239630688095
0.000140832484563091
0.000141527761732263
0.000138812572547664
0.000133239946853436
0.000125401078410192
0.00011589687543001
0.000105316450005333
9.421213809091e-05
8.30779889327005e-05
7.23469895103079e-05
6.23688600764893e-05
5.34169930510586e-05
4.56839427398492e-05
3.92835070028852e-05
3.42639111527987e-05
3.06067671207444e-05
2.82430329123784e-05
2.70589106676766e-05
2.69097244487426e-05
2.7627899967797e-05
2.9034413762119e-05
3.09469463943834e-05
3.31883825976931e-05
3.55968726717393e-05
3.80268733168876e-05
4.03579947239052e-05
4.24960414080466e-05
4.43753540857461e-05
4.59593300916605e-05
4.72398162254528e-05
4.82365883347491e-05
4.89941420767082e-05
4.95789173604599e-05
5.00732268149395e-05
5.0567145956637e-05
5.11476711678727e-05
5.18833673940344e-05
5.28107071962047e-05
5.39108688246692e-05
5.51502420120809e-05
5.64283429010937e-05
5.7623003590912e-05
5.86104515615249e-05
5.92820931233362e-05
5.95582177326248e-05
5.94061258518686e-05
5.88053911121378e-05
5.77724500183674e-05
5.63426041932935e-05
5.45634717963317e-05
5.24854465444591e-05
5.01587486823052e-05
4.76278738670288e-05
4.49305523342325e-05
4.20963611191816e-05
3.9145596486545e-05
3.60930035858686e-05
3.29450008940135e-05
2.97034966068033e-05
2.63653682219811e-05
2.29254115691191e-05
1.9375126503185e-05
1.57058394067988e-05
1.19081827731904e-05
7.97382992967499e-06
3.89376031417754e-06
-3.3584246494911e-07
-4.7198356334377e-06
-9.259606970069e-06
-1.39506461938055e-05
-1.87898308023904e-05
-2.37664055102726e-05
-2.88699619765964e-05
-3.40838468559923e-05
-3.9387937356139e-05
-4.47648862422767e-05
-5.01904073857418e-05
-5.56402146578705e-05
-6.10955730451224e-05
-6.65315025294433e-05
-7.19292680972927e-05
-7.72749919608628e-05
-8.25561841111266e-05
-8.77707628799129e-05
-9.29117893733178e-05
-9.79910597109779e-05
-0.000103016206676187
-0.000107991393605289
-0.000112934661622432
-0.000117847398506399
-0.000122735155372311
-0.000127584054432361
-0.000132367727889715
-0.000137038991265825
-0.000141536782294338
-0.000145752854230352
-0.000149594225895555
-0.000152883261606007
-0.000155472856810945
-0.000157183988047649
-0.000157830692959493
-0.000157267254774496
-0.000155316037808717
-0.000151852141971887
-0.000146788137200815
-0.000140090716804764
-0.000131786248580568
-0.000121974652600443
-0.000110800257857591
-9.849204785084e-05
-8.53261905575664e-05
-7.16177117610073e-05
-5.77204950502619e-05
-4.39856484568679e-05
-3.07559533396784e-05
-1.83644766060809e-05
-7.06934510930068e-06
2.91017210329869e-06
1.14477871626661e-05
1.84879889175704e-05
2.40515940497232e-05
2.82412981889024e-05
3.12236347888017e-05
3.32192606755655e-05
3.44807515872958e-05
3.52620710408758e-05
3.58213458895307e-05
3.63986618623358e-05
3.71785935371349e-05
3.83151843585949e-05
3.98903132747819e-05
4.19414503127769e-05
4.44533299059913e-05
4.73523997790437e-05
5.05429031960603e-05
5.38999400667706e-05
5.72833447343157e-05
6.05529515418368e-05
6.35713703900365e-05
6.62192523037675e-05
6.84050038834982e-05
7.00425828448203e-05
7.10868863773584e-05
7.15115466842775e-05
7.13179515443585e-05
7.05199787454092e-05
6.91571799826818e-05
6.7273270287771e-05
6.49327813739831e-05
6.21967755076724e-05
5.91353355172686e-05
5.57949519919276e-05
5.22873411235025e-05
4.86596873905398e-05
4.49688897230516e-05
4.12673367700123e-05
3.76018660652733e-05
3.40144579169532e-05
3.05411945733525e-05
2.72108724441722e-05
2.40484715474665e-05
2.10716860626903e-05
1.82947407223466e-05
1.57254417820774e-05
1.33686464676153e-05
1.12259160300887e-05
9.29551574602172e-06
7.57345575141954e-06
6.05253694385688e-06
4.72495306769183e-06
3.58124987998032e-06
2.6101516781285e-06
1.80046949571633e-06
1.14019037267266e-06
6.16130410580062e-07
2.15886336585314e-07
-7.37907998593634e-08
-2.65998160997594e-07
-3.73767856942653e-07
-4.10137418818679e-07
-3.88374770711464e-07
-3.24286902669488e-07
-2.70362752368206e-07
-2.25903009406364e-07
-9.46400076362597e-08
4.56557534833646e-08
1.6344347750219e-07
2.43143179201599e-07
2.72785266597353e-07
2.40953090813179e-07
1.35481903473789e-07
-5.60749363609503e-08
-3.46684486673965e-07
-7.49313805448182e-07
-1.27666974214513e-06
-1.94245661222503e-06
-2.75855727149832e-06
-3.73780867368723e-06
-4.89105284051661e-06
-6.22904505753752e-06
-7.76097935917264e-06
-9.49431505636866e-06
-1.14352971536391e-05
-1.35867012085455e-05
-1.59490476381308e-05
-1.85202547742236e-05
-2.12930367782249e-05
-2.42587200327549e-05
-2.73992634136633e-05
-3.06976666308856e-05
-3.41282557769773e-05
-3.76559894377237e-05
-4.12482548117765e-05
-4.48599490887602e-05
-4.84438877901283e-05
-5.19438658752591e-05
-5.53057599717022e-05
-5.85025083932322e-05
-6.14293338419003e-05
-6.40279496089136e-05
-6.62421506536504e-05
-6.80094869309755e-05
-6.92876311880752e-05
-7.00342561721357e-05
-7.02174429711988e-05
-6.982886491258e-05
-6.88657464387177e-05
-6.7358618682789e-05
-6.53491150082175e-05
-6.28955221237959e-05
-6.00838823139327e-05
-5.70071767569402e-05
-5.37819788704041e-05
-5.05179231780062e-05
-4.73301953185512e-05
-4.43256542581594e-05
-4.15972811751431e-05
-3.92130772297605e-05
-3.72063491127506e-05
-3.55895868331402e-05
-3.43114425760405e-05
-3.33053029599739e-05
-3.2460145682478e-05
-3.16247028564476e-05
-3.06296654706273e-05
-2.92876833896116e-05
-2.74141820355567e-05
-2.48204234942762e-05
-2.13454254271994e-05
-1.68545732925907e-05
-1.12632125848222e-05
-4.52138326778595e-06
3.35981242827188e-06
1.23207000157777e-05
2.22474816347074e-05
3.29902771767365e-05
4.43450831610903e-05
5.60870794252821e-05
6.79734046826752e-05
7.97625854254136e-05
9.11937192427104e-05
0.000102040598193298
0.000112101994353964
0.000121197496483205
0.000129149468897083
0.00013594680936535
0.000141503475603599
0.000145788936478652
0.000148835110902468
0.0001507030611414
0.000151438583895214
0.000151169354811742
0.000149999457299543
0.000148045464776203
0.000145421175101745
0.000142234835021071
0.000138583589048835
0.000134557642805788
0.000130222221894627
0.000125641858028658
0.000120863041797037
0.000115919079890503
0.000110841197331624
0.000105645353576378
0.000100347508080745
9.49622325219224e-05
8.94957719044243e-05
8.39661673524006e-05
7.83789699809745e-05
7.27536086930769e-05
6.70997979401733e-05
6.14397421827562e-05
5.57907886555853e-05
5.01688968146397e-05
4.45969650098021e-05
3.90888710288806e-05
3.36647376641963e-05
2.83391365929475e-05
2.31249047688564e-05
1.80314096986933e-05
1.30680188892285e-05
8.23924262149944e-06
3.54716256367738e-06
-1.0096090630185e-06
-5.43280698206416e-06
-9.72832925327793e-06
-1.39031147705637e-05
-1.79665310406918e-05
-2.19274251533896e-05
-2.57963789218607e-05
-2.95820659634849e-05
-3.32940272573801e-05
-3.69376404463218e-05
-4.05165484496095e-05
-4.40284961267245e-05
-4.74646363879394e-05
-5.08079689431895e-05
-5.40297841189474e-05
-5.70880148709207e-05
-5.99187366390197e-05
-6.24620147271493e-05
-6.4627513410298e-05
-6.63202565781562e-05
-6.74540284739678e-05
-6.79705857570267e-05
-6.78779081553227e-05
-6.72166749343672e-05
-6.61074927438277e-05
-6.47162011480074e-05
-6.3217139856242e-05
-6.17527730339962e-05
-6.04085358124617e-05
-5.92055918180456e-05
-5.81118486664423e-05
-5.70613868655645e-05
-5.59716335779559e-05
-5.47610568002455e-05
-5.3358185925223e-05
-5.17086373719167e-05
-4.97817065348016e-05
-4.75708014646692e-05
-4.50983000943594e-05
-4.24126012088522e-05
-3.95926347263043e-05
-3.67438718340551e-05
-3.39967637374983e-05
-3.150465999191e-05
-2.94330532168985e-05
-2.79602729857942e-05
-2.72629141484515e-05
-2.75141021077729e-05
-2.88664925296445e-05
-3.14484549512883e-05
-3.53508888828458e-05
-4.06251421392056e-05
-4.72621941582929e-05
-5.51940437798493e-05
-6.42937092454332e-05
-7.43585748530506e-05
-8.51152481828876e-05
-9.6231356216947e-05
-0.000107308606445145
-0.000117901521878849
-0.000127533400506863
-0.000135708111415056
-0.000141939932030155
-0.000145755629787914
-0.000146724299376899
-0.000144460832185445
-0.000138639100200066
-0.000128991262116074
-0.000115316090010253
-9.74720304469656e-05
-7.53799800357058e-05
-4.90565921218433e-05
-1.86101134502792e-05
1.57082680196652e-05
5.34641775296052e-05
9.39873179284234e-05
0.000136310407405915
0.000179123382793023
0.000220722051746947
0.000259044174999445
0.00029169305859611
0.00031607633177444
0.000329605787108278
0.000329922200670296
0.000315213133372794
0.000284496037838977
0.000237808384095928
0.000176535175366865
0.000103150821217923
2.11691775220402e-05
-6.50715592520612e-05
-0.000150901513507051
-0.000231732688593667
-0.000303475300444944
-0.000362848640023117
-0.000407597566809415
-0.000436560509964323
-0.000449615344955134
-0.00044754755457177
-0.000431846225446009
-0.000404475064552656
-0.000367662844613648
-0.000323743809538257
-0.000274992528748186
-0.000223542018229494
-0.000171333780496497
-0.000120073395670772
-7.12360725962924e-05
-2.6072199954541e-05
1.44093070808538e-05
4.94229657199696e-05
7.84289300170826e-05
0.000101131603091886
0.000117474086014369
0.0001276534433714
0.00013209225380173
0.000131414323867318
0.000126413463030772
0.000117999360282894
0.000107152481332307
9.48650880072677e-05
8.21016865604207e-05
6.97407409600004e-05
5.85413661990941e-05
4.91225116139304e-05
4.19178580735036e-05
3.72007979976274e-05
3.50532103343681e-05
3.53987672507827e-05
3.80084852480422e-05
4.25427054695504e-05
4.85823187235113e-05
5.56638068971438e-05
6.33205293754102e-05
7.11170705658404e-05
7.86686688014626e-05
8.56672371929434e-05
9.18883025224915e-05
9.71910052438574e-05
0.000101512201422516
0.000104857789118284
0.000107286055039957
0.000108892755923407
0.000109796026437348
0.000110122327923179
0.000109996733943518
0.000109532174996652
0.000108825448652539
0.000107951668437689
0.000106964957724553
0.000105894980284571
0.000104751624041555
0.000103524654126996
0.000102187876216409
0.000100701738614539
9.90194037875369e-05
9.70891769758175e-05
9.48534653599786e-05
9.22770540534579e-05
8.93177025396152e-05
8.59479154513565e-05
8.21539017370476e-05
7.7939391052162e-05
7.33343941128339e-05
6.83631970477272e-05
6.30729843353883e-05
5.75211753228722e-05
5.17724751958326e-05
4.58941912251376e-05
3.99541510986978e-05
3.40186212532956e-05
2.81451945083333e-05
2.23878207639139e-05
1.67895211622415e-05
1.13846432281406e-05
6.19990170314111e-06
1.25177646026486e-06
-3.45001804902267e-06
-7.90235932246475e-06
-1.21066351388421e-05
-1.60701313367539e-05
-1.98004806994945e-05
-2.33077446232244e-05
-2.66044131169707e-05
-2.96988128534181e-05
-3.26242505233054e-05
-3.53578277767497e-05
-3.79113407333875e-05
-4.02920752318181e-05
-4.25055823871645e-05
-4.45567194251595e-05
-4.64461802351934e-05
-4.81774342642183e-05
-4.97497876228437e-05
-5.11563014171657e-05
-5.24032206516978e-05
-5.34822186537554e-05
-5.43967648702903e-05
-5.514200207557e-05
-5.57179302695943e-05
-5.61238555629728e-05
-5.63632474026576e-05
-5.64381874568198e-05
-5.63549207299729e-05
-5.6113447222117e-05
-5.57220936059366e-05
-5.51850232177742e-05
-5.4513338287876e-05
-5.37070388162419e-05
-5.27716759179953e-05
-5.17155762658206e-05
-5.05331887445948e-05
-4.92231255755371e-05
-4.77853867586475e-05
-4.62088700636798e-05
-4.44852488179492e-05
-4.25992574548673e-05
-4.05439570805299e-05
-3.82943676768832e-05
-3.58421625712424e-05
-3.31762395333612e-05
-3.02785574390896e-05
-2.71449529520851e-05
-2.37712627360054e-05
-2.01658134635352e-05
-1.633831958614e-05
-1.23040466704083e-05
-8.09352584951739e-06
-3.73451269908287e-06
7.28583859910259e-07
5.2582938003809e-06
9.79216707719388e-06
1.42899581057065e-05
1.86906046195645e-05
2.29413710250981e-05
2.69950728437607e-05
3.08045255970057e-05
3.43211570275059e-05
3.7514436002084e-05
4.03552191663437e-05
4.28185265022307e-05
4.48960313370605e-05
4.65807947769292e-05
4.78769801581791e-05
4.87956897110564e-05
4.93494134445882e-05
4.95645191556093e-05
4.94673746409546e-05
4.90857354762397e-05
4.84529083522034e-05
4.76035877383651e-05
4.6569692546683e-05
4.5388692804238e-05
4.40911196442073e-05
4.2705422531597e-05
4.12600509314132e-05
3.97813726404905e-05
3.8292286008712e-05
3.68066688238855e-05
3.53467255465034e-05
3.39214767386409e-05
3.25399429623729e-05
3.12146142267267e-05
2.99434088635309e-05
2.87339596560798e-05
2.75848788255928e-05
2.64940847038986e-05
2.54591486781308e-05
2.44776421354231e-05
2.35419322924812e-05
2.26468149788772e-05
2.17839635219264e-05
2.09443573595536e-05
2.01196698190742e-05
1.92998395043276e-05
1.84709886275058e-05
1.76216680136676e-05
1.67369590409194e-05
1.58017696150203e-05
1.47980586118202e-05
1.37067440730831e-05
1.25063154277072e-05
1.11735273811142e-05
9.68131824707896e-06
8.00262633937621e-06
6.10674705248115e-06
3.96314925321661e-06
1.54017423814601e-06
-1.19088766625808e-06
-4.2556236312663e-06
-7.67155436398603e-06
-1.14450983412784e-05
-1.55671482648945e-05
-2.00084740442641e-05
-2.47187686985839e-05
-2.96243064801249e-05
-3.4631585793532e-05
-3.96356558685085e-05
-4.45284434325011e-05
-4.9215406056069e-05
-5.36251598681758e-05
-5.77356738806767e-05
-6.15328968334161e-05
-6.50486609021783e-05
-6.83371761955875e-05
-7.14624540099074e-05
-7.44838218880162e-05
-7.74475969467225e-05
-8.03796265658185e-05
-8.32832067199085e-05
-8.61401228124947e-05
-8.89108231483249e-05
-9.15378883803442e-05
-9.39491540119519e-05
-9.60613533163013e-05
-9.77780356681279e-05
-9.90006687739964e-05
-9.96289856169952e-05
-9.95630661249081e-05
-9.87154802345458e-05
-9.70133695599174e-05
-9.44112843459521e-05
-9.08953468048423e-05
-8.6494006401594e-05
-8.12835909691501e-05
-7.54007967174175e-05
-6.90357493393634e-05
-6.244102457309e-05
-5.59191581928076e-05
-4.98122376679788e-05
-4.44956571588051e-05
-4.03371780421935e-05
-3.76858266815105e-05
-3.68420571827954e-05
-3.80161180313365e-05
-4.13211131977675e-05
-4.67285932170824e-05
-5.40768818613202e-05
-6.30467900109011e-05
-7.31789628893864e-05
-8.3887063961896e-05
-9.44730405016969e-05
-0.000104183328630825
-0.000112221343329111
-0.000117812704036879
-0.000120224663557877
-0.000118824394768069
-0.000113087317288318
-0.0001026470575205
-8.72871219748106e-05
-6.69644895090471e-05
-4.18207135588489e-05
-1.21624932347686e-05
2.15077955445508e-05
5.85115289553073e-05
9.79952230473202e-05
0.000138893063716949
0.000179978254521984
0.000219828322212123
0.000256883403437769
0.000289497592564913
0.000315979187259785
0.000334729466366923
0.000344357875547985
0.000343819417381042
0.000332568694805246
0.000310644565626461
0.000278765899253131
0.000238324637802378
0.000191313631603407
0.000140201739107226
8.77339867422222e-05
3.67011976365461e-05
-1.02765018716866e-05
-5.09647879454178e-05
-8.3652529347944e-05
-0.000107266973081721
-0.000121364029936899
-0.000126114396703514
-0.000122210574993176
-0.000110750297821482
-9.31185684116542e-05
-7.08488823164544e-05
-4.55052662218236e-05
-1.86087256714984e-05
8.46128722642447e-06
3.45015682690075e-05
5.8507365618965e-05
7.97140131680862e-05
9.7565011625278e-05
0.000111727294083153
0.000122057225437899
0.00012859366349538
0.000131520488944048
